w	EQE	w	EQE
	PBDB-T:F-M 190nm		PBDB-TF-T1:BTP-4F-12 180nm
280	0	280	0
280.5	0	280.5	0
281	0	281	0
281.5	0	281.5	0
282	0	282	0
282.5	0	282.5	0
283	0	283	0
283.5	0	283.5	0
284	0	284	0
284.5	0	284.5	0
285	0	285	0
285.5	0	285.5	0
286	0	286	0
286.5	0	286.5	0
287	0	287	0
287.5	0	287.5	0
288	0	288	0
288.5	0	288.5	0
289	0	289	0
289.5	0	289.5	0
290	0	290	0
290.5	0	290.5	0
291	0	291	0
291.5	0	291.5	0
292	0	292	0
292.5	0	292.5	0
293	0	293	0
293.5	0	293.5	0
294	0	294	0
294.5	0	294.5	0
295	0	295	0
295.5	0	295.5	0
296	0	296	0
296.5	0	296.5	0
297	0	297	0
297.5	0	297.5	0
298	0	298	0
298.5	0	298.5	0
299	0	299	0
299.5	0	299.5	0
300	2.15568	300	0
300.5	2.3263308	300.5	0
301	2.4969816	301	0
301.5	2.6676324	301.5	0
302	2.8382832	302	0
302.5	3.008934	302.5	0
303	3.1795848	303	0
303.5	3.3502356	303.5	0
304	3.5208864	304	0
304.5	3.6915372	304.5	0
305	3.862188	305	0
305.5	4.0328388	305.5	0
306	4.2034896	306	0
306.5	4.3741404	306.5	0
307	4.5447912	307	0
307.5	4.715442	307.5	0
308	4.8860928	308	0
308.5	5.0567436	308.5	0
309	5.2273944	309	0
309.5	5.3980452	309.5	0
310	5.568696	310	9.924336
310.5	5.8835052	310.5	10.4334912
311	6.1983144	311	10.9426464
311.5	6.5131236	311.5	11.4518016
312	6.8279328	312	11.9609568
312.5	7.142742	312.5	12.470112
313	7.4575512	313	12.9792672
313.5	7.7723604	313.5	13.4884224
314	8.0871696	314	13.9975776
314.5	8.4019788	314.5	14.5067328
315	8.716788	315	15.015888
315.5	9.0315972	315.5	15.5250432
316	9.3464064	316	16.0341984
316.5	9.6612156	316.5	16.5433536
317	9.9760248	317	17.0525088
317.5	10.290834	317.5	17.561664
318	10.6056432	318	18.0708192
318.5	10.9204524	318.5	18.5799744
319	11.2352616	319	19.0891296
319.5	11.5500708	319.5	19.5982848
320	11.86488	320	20.10744
320.5	12.495762	320.5	20.994768
321	13.126644	321	21.882096
321.5	13.757526	321.5	22.769424
322	14.388408	322	23.656752
322.5	15.01929	322.5	24.54408
323	15.650172	323	25.431408
323.5	16.281054	323.5	26.318736
324	16.911936	324	27.206064
324.5	17.542818	324.5	28.093392
325	18.1737	325	28.98072
325.5	18.804582	325.5	29.868048
326	19.435464	326	30.755376
326.5	20.066346	326.5	31.642704
327	20.697228	327	32.530032
327.5	21.32811	327.5	33.41736
328	21.958992	328	34.304688
328.5	22.589874	328.5	35.192016
329	23.220756	329	36.079344
329.5	23.851638	329.5	36.966672
330	24.48252	330	37.854
330.5	25.217352	330.5	38.696778
331	25.952184	331	39.539556
331.5	26.687016	331.5	40.382334
332	27.421848	332	41.225112
332.5	28.15668	332.5	42.06789
333	28.891512	333	42.910668
333.5	29.626344	333.5	43.753446
334	30.361176	334	44.596224
334.5	31.096008	334.5	45.439002
335	31.83084	335	46.28178
335.5	32.565672	335.5	47.124558
336	33.300504	336	47.967336
336.5	34.035336	336.5	48.810114
337	34.770168	337	49.652892
337.5	35.505	337.5	50.49567
338	36.239832	338	51.338448
338.5	36.974664	338.5	52.181226
339	37.709496	339	53.024004
339.5	38.444328	339.5	53.866782
340	39.17916	340	54.70956
340.5	39.674934	340.5	55.039986
341	40.170708	341	55.370412
341.5	40.666482	341.5	55.700838
342	41.162256	342	56.031264
342.5	41.65803	342.5	56.36169
343	42.153804	343	56.692116
343.5	42.649578	343.5	57.022542
344	43.145352	344	57.352968
344.5	43.641126	344.5	57.683394
345	44.1369	345	58.01382
345.5	44.632674	345.5	58.344246
346	45.128448	346	58.674672
346.5	45.624222	346.5	59.005098
347	46.119996	347	59.335524
347.5	46.61577	347.5	59.66595
348	47.111544	348	59.996376
348.5	47.607318	348.5	60.326802
349	48.103092	349	60.657228
349.5	48.598866	349.5	60.987654
350	49.09464	350	61.31808
350.5	49.265496	350.5	61.432452
351	49.436352	351	61.546824
351.5	49.607208	351.5	61.661196
352	49.778064	352	61.775568
352.5	49.94892	352.5	61.88994
353	50.119776	353	62.004312
353.5	50.290632	353.5	62.118684
354	50.461488	354	62.233056
354.5	50.632344	354.5	62.347428
355	50.8032	355	62.4618
355.5	50.974056	355.5	62.576172
356	51.144912	356	62.690544
356.5	51.315768	356.5	62.804916
357	51.486624	357	62.919288
357.5	51.65748	357.5	63.03366
358	51.828336	358	63.148032
358.5	51.999192	358.5	63.262404
359	52.170048	359	63.376776
359.5	52.340904	359.5	63.491148
360	52.51176	360	63.60552
360.5	52.376112	360.5	63.488988
361	52.240464	361	63.372456
361.5	52.104816	361.5	63.255924
362	51.969168	362	63.139392
362.5	51.83352	362.5	63.02286
363	51.697872	363	62.906328
363.5	51.562224	363.5	62.789796
364	51.426576	364	62.673264
364.5	51.290928	364.5	62.556732
365	51.15528	365	62.4402
365.5	51.019632	365.5	62.323668
366	50.883984	366	62.207136
366.5	50.748336	366.5	62.090604
367	50.612688	367	61.974072
367.5	50.47704	367.5	61.85754
368	50.341392	368	61.741008
368.5	50.205744	368.5	61.624476
369	50.070096	369	61.507944
369.5	49.934448	369.5	61.391412
370	49.7988	370	61.27488
370.5	49.56471	370.5	60.987222
371	49.33062	371	60.699564
371.5	49.09653	371.5	60.411906
372	48.86244	372	60.124248
372.5	48.62835	372.5	59.83659
373	48.39426	373	59.548932
373.5	48.16017	373.5	59.261274
374	47.92608	374	58.973616
374.5	47.69199	374.5	58.685958
375	47.4579	375	58.3983
375.5	47.22381	375.5	58.110642
376	46.98972	376	57.822984
376.5	46.75563	376.5	57.535326
377	46.52154	377	57.247668
377.5	46.28745	377.5	56.96001
378	46.05336	378	56.672352
378.5	45.81927	378.5	56.384694
379	45.58518	379	56.097036
379.5	45.35109	379.5	55.809378
380	45.117	380	55.52172
380.5	44.945064	380.5	55.240488
381	44.773128	381	54.959256
381.5	44.601192	381.5	54.678024
382	44.429256	382	54.396792
382.5	44.25732	382.5	54.11556
383	44.085384	383	53.834328
383.5	43.913448	383.5	53.553096
384	43.741512	384	53.271864
384.5	43.569576	384.5	52.990632
385	43.39764	385	52.7094
385.5	43.225704	385.5	52.428168
386	43.053768	386	52.146936
386.5	42.881832	386.5	51.865704
387	42.709896	387	51.584472
387.5	42.53796	387.5	51.30324
388	42.366024	388	51.022008
388.5	42.194088	388.5	50.740776
389	42.022152	389	50.459544
389.5	41.850216	389.5	50.178312
390	41.67828	390	49.89708
390.5	41.63211	390.5	49.788324
391	41.58594	391	49.679568
391.5	41.53977	391.5	49.570812
392	41.4936	392	49.462056
392.5	41.44743	392.5	49.3533
393	41.40126	393	49.244544
393.5	41.35509	393.5	49.135788
394	41.30892	394	49.027032
394.5	41.26275	394.5	48.918276
395	41.21658	395	48.80952
395.5	41.17041	395.5	48.700764
396	41.12424	396	48.592008
396.5	41.07807	396.5	48.483252
397	41.0319	397	48.374496
397.5	40.98573	397.5	48.26574
398	40.93956	398	48.156984
398.5	40.89339	398.5	48.048228
399	40.84722	399	47.939472
399.5	40.80105	399.5	47.830716
400	40.75488	400	47.72196
401	40.79592	401	47.737296
402	40.83696	402	47.752632
403	40.878	403	47.767968
404	40.91904	404	47.783304
405	40.96008	405	47.79864
406	41.00112	406	47.813976
407	41.04216	407	47.829312
408	41.0832	408	47.844648
409	41.12424	409	47.859984
410	41.16528	410	47.87532
411	41.379876	411	48.201804
412	41.594472	412	48.528288
413	41.809068	413	48.854772
414	42.023664	414	49.181256
415	42.23826	415	49.50774
416	42.452856	416	49.834224
417	42.667452	417	50.160708
418	42.882048	418	50.487192
419	43.096644	419	50.813676
420	43.31124	420	51.14016
421	43.611912	421	51.670116
422	43.912584	422	52.200072
423	44.213256	423	52.730028
424	44.513928	424	53.259984
425	44.8146	425	53.78994
426	45.115272	426	54.319896
427	45.415944	427	54.849852
428	45.716616	428	55.379808
429	46.017288	429	55.909764
430	46.31796	430	56.43972
431	46.564848	431	56.963736
432	46.811736	432	57.487752
433	47.058624	433	58.011768
434	47.305512	434	58.535784
435	47.5524	435	59.0598
436	47.799288	436	59.583816
437	48.046176	437	60.107832
438	48.293064	438	60.631848
439	48.539952	439	61.155864
440	48.78684	440	61.67988
441	49.042368	441	62.18478
442	49.297896	442	62.68968
443	49.553424	443	63.19458
444	49.808952	444	63.69948
445	50.06448	445	64.20438
446	50.320008	446	64.70928
447	50.575536	447	65.21418
448	50.831064	448	65.71908
449	51.086592	449	66.22398
450	51.34212	450	66.72888
451	51.622704	451	66.991212
452	51.903288	452	67.253544
453	52.183872	453	67.515876
454	52.464456	454	67.778208
455	52.74504	455	68.04054
456	53.025624	456	68.302872
457	53.306208	457	68.565204
458	53.586792	458	68.827536
459	53.867376	459	69.089868
460	54.14796	460	69.3522
461	54.36126	461	69.585048
462	54.57456	462	69.817896
463	54.78786	463	70.050744
464	55.00116	464	70.283592
465	55.21446	465	70.51644
466	55.42776	466	70.749288
467	55.64106	467	70.982136
468	55.85436	468	71.214984
469	56.06766	469	71.447832
470	56.28096	470	71.68068
471	56.380428	471	71.832744
472	56.479896	472	71.984808
473	56.579364	473	72.136872
474	56.678832	474	72.288936
475	56.7783	475	72.441
476	56.877768	476	72.593064
477	56.977236	477	72.745128
478	57.076704	478	72.897192
479	57.176172	479	73.049256
480	57.27564	480	73.20132
481	57.4614	481	73.310508
482	57.64716	482	73.419696
483	57.83292	483	73.528884
484	58.01868	484	73.638072
485	58.20444	485	73.74726
486	58.3902	486	73.856448
487	58.57596	487	73.965636
488	58.76172	488	74.074824
489	58.94748	489	74.184012
490	59.13324	490	74.2932
491	59.405832	491	74.394072
492	59.678424	492	74.494944
493	59.951016	493	74.595816
494	60.223608	494	74.696688
495	60.4962	495	74.79756
496	60.768792	496	74.898432
497	61.041384	497	74.999304
498	61.313976	498	75.100176
499	61.586568	499	75.201048
500	61.85916	500	75.30192
501	62.22582	501	75.421476
502	62.59248	502	75.541032
503	62.95914	503	75.660588
504	63.3258	504	75.780144
505	63.69246	505	75.8997
506	64.05912	506	76.019256
507	64.42578	507	76.138812
508	64.79244	508	76.258368
509	65.1591	509	76.377924
510	65.52576	510	76.49748
511	65.79711	511	76.537494
512	66.06846	512	76.577508
513	66.33981	513	76.617522
514	66.61116	514	76.657536
515	66.88251	515	76.69755
516	67.15386	516	76.737564
517	67.42521	517	76.777578
518	67.69656	518	76.817592
519	67.96791	519	76.857606
520	68.23926	520	76.89762
521	68.51061	521	76.937634
522	68.78196	522	76.977648
523	69.05331	523	77.017662
524	69.32466	524	77.057676
525	69.59601	525	77.09769
526	69.86736	526	77.137704
527	70.13871	527	77.177718
528	70.41006	528	77.217732
529	70.68141	529	77.257746
530	70.95276	530	77.29776
531	71.169192	531	77.37768
532	71.385624	532	77.4576
533	71.602056	533	77.53752
534	71.818488	534	77.61744
535	72.03492	535	77.69736
536	72.251352	536	77.77728
537	72.467784	537	77.8572
538	72.684216	538	77.93712
539	72.900648	539	78.01704
540	73.11708	540	78.09696
541	73.197972	541	78.14826
542	73.278864	542	78.19956
543	73.359756	543	78.25086
544	73.440648	544	78.30216
545	73.52154	545	78.35346
546	73.602432	546	78.40476
547	73.683324	547	78.45606
548	73.764216	548	78.50736
549	73.845108	549	78.55866
550	73.926	550	78.60996
551	73.924812	551	78.621408
552	73.923624	552	78.632856
553	73.922436	553	78.644304
554	73.921248	554	78.655752
555	73.92006	555	78.6672
556	73.918872	556	78.678648
557	73.917684	557	78.690096
558	73.916496	558	78.701544
559	73.915308	559	78.712992
560	73.91412	560	78.72444
561	73.81152	561	78.674328
562	73.70892	562	78.624216
563	73.60632	563	78.574104
564	73.50372	564	78.523992
565	73.40112	565	78.47388
566	73.29852	566	78.423768
567	73.19592	567	78.373656
568	73.09332	568	78.323544
569	72.99072	569	78.273432
570	72.88812	570	78.22332
571	72.717912	571	78.161436
572	72.547704	572	78.099552
573	72.377496	573	78.037668
574	72.207288	574	77.975784
575	72.03708	575	77.9139
576	71.866872	576	77.852016
577	71.696664	577	77.790132
578	71.526456	578	77.728248
579	71.356248	579	77.666364
580	71.18604	580	77.60448
581	71.057088	581	77.537304
582	70.928136	582	77.470128
583	70.799184	583	77.402952
584	70.670232	584	77.335776
585	70.54128	585	77.2686
586	70.412328	586	77.201424
587	70.283376	587	77.134248
588	70.154424	588	77.067072
589	70.025472	589	76.999896
590	69.89652	590	76.93272
591	69.791112	591	76.910256
592	69.685704	592	76.887792
593	69.580296	593	76.865328
594	69.474888	594	76.842864
595	69.36948	595	76.8204
596	69.264072	596	76.797936
597	69.158664	597	76.775472
598	69.053256	598	76.753008
599	68.947848	599	76.730544
600	68.84244	600	76.70808
601	68.702796	601	76.609692
602	68.563152	602	76.511304
603	68.423508	603	76.412916
604	68.283864	604	76.314528
605	68.14422	605	76.21614
606	68.004576	606	76.117752
607	67.864932	607	76.019364
608	67.725288	608	75.920976
609	67.585644	609	75.822588
610	67.446	610	75.7242
611	67.36986	611	75.643956
612	67.29372	612	75.563712
613	67.21758	613	75.483468
614	67.14144	614	75.403224
615	67.0653	615	75.32298
616	66.98916	616	75.242736
617	66.91302	617	75.162492
618	66.83688	618	75.082248
619	66.76074	619	75.002004
620	66.6846	620	74.92176
621	66.623688	621	74.764512
622	66.562776	622	74.607264
623	66.501864	623	74.450016
624	66.440952	624	74.292768
625	66.38004	625	74.13552
626	66.319128	626	73.978272
627	66.258216	627	73.821024
628	66.197304	628	73.663776
629	66.136392	629	73.506528
630	66.07548	630	73.34928
631	66.051288	631	73.192788
632	66.027096	632	73.036296
633	66.002904	633	72.879804
634	65.978712	634	72.723312
635	65.95452	635	72.56682
636	65.930328	636	72.410328
637	65.906136	637	72.253836
638	65.881944	638	72.097344
639	65.857752	639	71.940852
640	65.83356	640	71.78436
641	65.680524	641	71.778474
642	65.527488	642	71.772588
643	65.374452	643	71.766702
644	65.221416	644	71.760816
645	65.06838	645	71.75493
646	64.915344	646	71.749044
647	64.762308	647	71.743158
648	64.609272	648	71.737272
649	64.456236	649	71.731386
650	64.3032	650	71.7255
651	64.246932	651	71.719614
652	64.190664	652	71.713728
653	64.134396	653	71.707842
654	64.078128	654	71.701956
655	64.02186	655	71.69607
656	63.965592	656	71.690184
657	63.909324	657	71.684298
658	63.853056	658	71.678412
659	63.796788	659	71.672526
660	63.74052	660	71.66664
661	63.700236	661	71.835336
662	63.659952	662	72.004032
663	63.619668	663	72.172728
664	63.579384	664	72.341424
665	63.5391	665	72.51012
666	63.498816	666	72.678816
667	63.458532	667	72.847512
668	63.418248	668	73.016208
669	63.377964	669	73.184904
670	63.33768	670	73.3536
671	63.274608	671	73.63872
672	63.211536	672	73.92384
673	63.148464	673	74.20896
674	63.085392	674	74.49408
675	63.02232	675	74.7792
676	62.959248	676	75.06432
677	62.896176	677	75.34944
678	62.833104	678	75.63456
679	62.770032	679	75.91968
680	62.70696	680	76.2048
681	62.59302	681	76.433328
682	62.47908	682	76.661856
683	62.36514	683	76.890384
684	62.2512	684	77.118912
685	62.13726	685	77.34744
686	62.02332	686	77.575968
687	61.90938	687	77.804496
688	61.79544	688	78.033024
689	61.6815	689	78.261552
690	61.56756	690	78.49008
691	61.149492	691	78.646572
692	60.731424	692	78.803064
693	60.313356	693	78.959556
694	59.895288	694	79.116048
695	59.47722	695	79.27254
696	59.059152	696	79.429032
697	58.641084	697	79.585524
698	58.223016	698	79.742016
699	57.804948	699	79.898508
700	57.38688	700	80.055
701	56.273832	701	80.105004
702	55.160784	702	80.155008
703	54.047736	703	80.205012
704	52.934688	704	80.255016
705	51.82164	705	80.30502
706	50.708592	706	80.355024
707	49.595544	707	80.405028
708	48.482496	708	80.455032
709	47.369448	709	80.505036
710	46.2564	710	80.55504
711	44.451828	711	80.57016
712	42.647256	712	80.58528
713	40.842684	713	80.6004
714	39.038112	714	80.61552
715	37.23354	715	80.63064
716	35.428968	716	80.64576
717	33.624396	717	80.66088
718	31.819824	718	80.676
719	30.015252	719	80.69112
720	28.21068	720	80.70624
721	26.69436	721	80.632152
722	25.17804	722	80.558064
723	23.66172	723	80.483976
724	22.1454	724	80.409888
725	20.62908	725	80.3358
726	19.11276	726	80.261712
727	17.59644	727	80.187624
728	16.08012	728	80.113536
729	14.5638	729	80.039448
730	13.04748	730	79.96536
731	12.2848056	731	79.919244
732	11.5221312	732	79.873128
733	10.7594568	733	79.827012
734	9.9967824	734	79.780896
735	9.234108	735	79.73478
736	8.4714336	736	79.688664
737	7.7087592	737	79.642548
738	6.9460848	738	79.596432
739	6.1834104	739	79.550316
740	5.420736	740	79.5042
741	5.097708	741	79.476012
742	4.77468	742	79.447824
743	4.451652	743	79.419636
744	4.128624	744	79.391448
745	3.805596	745	79.36326
746	3.482568	746	79.335072
747	3.15954	747	79.306884
748	2.836512	748	79.278696
749	2.513484	749	79.250508
750	2.190456	750	79.22232
751	2.06112816	751	79.203528
752	1.93180032	752	79.184736
753	1.80247248	753	79.165944
754	1.67314464	754	79.147152
755	1.5438168	755	79.12836
756	1.41448896	756	79.109568
757	1.28516112	757	79.090776
758	1.15583328	758	79.071984
759	1.02650544	759	79.053192
760	0.8971776	760	79.0344
761	0.86670324	761	78.984396
762	0.83622888	762	78.934392
763	0.80575452	763	78.884388
764	0.77528016	764	78.834384
765	0.7448058	765	78.78438
766	0.71433144	766	78.734376
767	0.68385708	767	78.684372
768	0.65338272	768	78.634368
769	0.62290836	769	78.584364
770	0.592434	770	78.53436
771	0.5508648	771	78.47388
772	0.5092956	772	78.4134
773	0.4677264	773	78.35292
774	0.4261572	774	78.29244
775	0.384588	775	78.23196
776	0.3430188	776	78.17148
777	0.3014496	777	78.111
778	0.2598804	778	78.05052
779	0.2183112	779	77.99004
780	0.176742	780	77.92956
781	0.164943216	781	77.809248
782	0.153144432	782	77.688936
783	0.141345648	783	77.568624
784	0.129546864	784	77.448312
785	0.11774808	785	77.328
786	0.105949296	786	77.207688
787	0.094150512	787	77.087376
788	0.082351728	788	76.967064
789	0.070552944	789	76.846752
790	0.05875416	790	76.72644
791	0.05874552	791	76.611636
792	0.05873688	792	76.496832
793	0.05872824	793	76.382028
794	0.0587196	794	76.267224
795	0.05871096	795	76.15242
796	0.05870232	796	76.037616
797	0.05869368	797	75.922812
798	0.05868504	798	75.808008
799	0.0586764	799	75.693204
800	0.05866776	800	75.5784
801	0.070385544	801	75.39669
802	0.082103328	802	75.21498
803	0.093821112	803	75.03327
804	0.105538896	804	74.85156
805	0.11725668	805	74.66985
806	0.128974464	806	74.48814
807	0.140692248	807	74.30643
808	0.152410032	808	74.12472
809	0.164127816	809	73.94301
810	0.1758456	810	73.7613
811	0.16985052	811	73.57959
812	0.16385544	812	73.39788
813	0.15786036	813	73.21617
814	0.15186528	814	73.03446
815	0.1458702	815	72.85275
816	0.13987512	816	72.67104
817	0.13388004	817	72.48933
818	0.12788496	818	72.30762
819	0.12188988	819	72.12591
820	0.1158948	820	71.9442
821	0.12179592	821	71.697096
822	0.12769704	822	71.449992
823	0.13359816	823	71.202888
824	0.13949928	824	70.955784
825	0.1454004	825	70.70868
826	0.15130152	826	70.461576
827	0.15720264	827	70.214472
828	0.16310376	828	69.967368
829	0.16900488	829	69.720264
830	0.174906	830	69.47316
831	0.17465652	831	69.185556
832	0.17440704	832	68.897952
833	0.17415756	833	68.610348
834	0.17390808	834	68.322744
835	0.1736586	835	68.03514
836	0.17340912	836	67.747536
837	0.17315964	837	67.459932
838	0.17291016	838	67.172328
839	0.17266068	839	66.884724
840	0.1724112	840	66.59712
841	0.17722692	841	66.15054
842	0.18204264	842	65.70396
843	0.18685836	843	65.25738
844	0.19167408	844	64.8108
845	0.1964898	845	64.36422
846	0.20130552	846	63.91764
847	0.20612124	847	63.47106
848	0.21093696	848	63.02448
849	0.21575268	849	62.5779
850	0.2205684	850	62.13132
851	0.21924	851	61.558272
852	0.2179116	852	60.985224
853	0.2165832	853	60.412176
854	0.2152548	854	59.839128
855	0.2139264	855	59.26608
856	0.212598	856	58.693032
857	0.2112696	857	58.119984
858	0.2099412	858	57.546936
859	0.2086128	859	56.973888
860	0.2072844	860	56.40084
861	0.20134332	861	55.683828
862	0.19540224	862	54.966816
863	0.18946116	863	54.249804
864	0.18352008	864	53.532792
865	0.177579	865	52.81578
866	0.17163792	866	52.098768
867	0.16569684	867	51.381756
868	0.15975576	868	50.664744
869	0.15381468	869	49.947732
870	0.1478736	870	49.23072
871	0.15116436	871	48.37428
872	0.15445512	872	47.51784
873	0.15774588	873	46.6614
874	0.16103664	874	45.80496
875	0.1643274	875	44.94852
876	0.16761816	876	44.09208
877	0.17090892	877	43.23564
878	0.17419968	878	42.3792
879	0.17749044	879	41.52276
880	0.1807812	880	40.66632
881	0.17087112	881	39.818628
882	0.16096104	882	38.970936
883	0.15105096	883	38.123244
884	0.14114088	884	37.275552
885	0.1312308	885	36.42786
886	0.12132072	886	35.580168
887	0.11141064	887	34.732476
888	0.10150056	888	33.884784
889	0.09159048	889	33.037092
890	0.0816804	890	32.1894
891	0.080895996	891	31.443768
892	0.080111592	892	30.698136
893	0.079327188	893	29.952504
894	0.078542784	894	29.206872
895	0.07775838	895	28.46124
896	0.076973976	896	27.715608
897	0.076189572	897	26.969976
898	0.075405168	898	26.224344
899	0.074620764	899	25.478712
900	0.07383636	900	24.73308
901	0	901	24.09156
902	0	902	23.45004
903	0	903	22.80852
904	0	904	22.167
905	0	905	21.52548
906	0	906	20.88396
907	0	907	20.24244
908	0	908	19.60092
909	0	909	18.9594
910	0	910	18.31788
911	0	911	17.786196
912	0	912	17.254512
913	0	913	16.722828
914	0	914	16.191144
915	0	915	15.65946
916	0	916	15.127776
917	0	917	14.596092
918	0	918	14.064408
919	0	919	13.532724
920	0	920	13.00104
921	0	921	12.5685756
922	0	922	12.1361112
923	0	923	11.7036468
924	0	924	11.2711824
925	0	925	10.838718
926	0	926	10.4062536
927	0	927	9.9737892
928	0	928	9.5413248
929	0	929	9.1088604
930	0	930	8.676396
931	0	931	8.3594916
932	0	932	8.0425872
933	0	933	7.7256828
934	0	934	7.4087784
935	0	935	7.091874
936	0	936	6.7749696
937	0	937	6.4580652
938	0	938	6.1411608
939	0	939	5.8242564
940	0	940	5.507352
941	0	941	5.2966656
942	0	942	5.0859792
943	0	943	4.8752928
944	0	944	4.6646064
945	0	945	4.45392
946	0	946	4.2432336
947	0	947	4.0325472
948	0	948	3.8218608
949	0	949	3.6111744
950	0	950	3.400488
951	0	951	3.2674536
952	0	952	3.1344192
953	0	953	3.0013848
954	0	954	2.8683504
955	0	955	2.735316
956	0	956	2.6022816
957	0	957	2.4692472
958	0	958	2.3362128
959	0	959	2.2031784
960	0	960	2.070144
961	0	961	1.992168
962	0	962	1.914192
963	0	963	1.836216
964	0	964	1.75824
965	0	965	1.680264
966	0	966	1.602288
967	0	967	1.524312
968	0	968	1.446336
969	0	969	1.36836
970	0	970	1.290384
971	0	971	1.2502836
972	0	972	1.2101832
973	0	973	1.1700828
974	0	974	1.1299824
975	0	975	1.089882
976	0	976	1.0497816
977	0	977	1.0096812
978	0	978	0.9695808
979	0	979	0.9294804
980	0	980	0.88938
981	0	981	0.85887
982	0	982	0.82836
983	0	983	0.79785
984	0	984	0.76734
985	0	985	0.73683
986	0	986	0.70632
987	0	987	0.67581
988	0	988	0.6453
989	0	989	0.61479
990	0	990	0.58428
991	0	991	0.57159756
992	0	992	0.55891512
993	0	993	0.54623268
994	0	994	0.53355024
995	0	995	0.5208678
996	0	996	0.50818536
997	0	997	0.49550292
998	0	998	0.48282048
999	0	999	0.47013804
1000	0	1000	0.4574556
1001	0	1001	0
1002	0	1002	0
1003	0	1003	0
1004	0	1004	0
1005	0	1005	0
1006	0	1006	0
1007	0	1007	0
1008	0	1008	0
1009	0	1009	0
1010	0	1010	0
1011	0	1011	0
1012	0	1012	0
1013	0	1013	0
1014	0	1014	0
1015	0	1015	0
1016	0	1016	0
1017	0	1017	0
1018	0	1018	0
1019	0	1019	0
1020	0	1020	0
1021	0	1021	0
1022	0	1022	0
1023	0	1023	0
1024	0	1024	0
1025	0	1025	0
1026	0	1026	0
1027	0	1027	0
1028	0	1028	0
1029	0	1029	0
1030	0	1030	0
1031	0	1031	0
1032	0	1032	0
1033	0	1033	0
1034	0	1034	0
1035	0	1035	0
1036	0	1036	0
1037	0	1037	0
1038	0	1038	0
1039	0	1039	0
1040	0	1040	0
1041	0	1041	0
1042	0	1042	0
1043	0	1043	0
1044	0	1044	0
1045	0	1045	0
1046	0	1046	0
1047	0	1047	0
1048	0	1048	0
1049	0	1049	0
1050	0	1050	0
1051	0	1051	0
1052	0	1052	0
1053	0	1053	0
1054	0	1054	0
1055	0	1055	0
1056	0	1056	0
1057	0	1057	0
1058	0	1058	0
1059	0	1059	0
1060	0	1060	0
1061	0	1061	0
1062	0	1062	0
1063	0	1063	0
1064	0	1064	0
1065	0	1065	0
1066	0	1066	0
1067	0	1067	0
1068	0	1068	0
1069	0	1069	0
1070	0	1070	0
1071	0	1071	0
1072	0	1072	0
1073	0	1073	0
1074	0	1074	0
1075	0	1075	0
1076	0	1076	0
1077	0	1077	0
1078	0	1078	0
1079	0	1079	0
1080	0	1080	0
1081	0	1081	0
1082	0	1082	0
1083	0	1083	0
1084	0	1084	0
1085	0	1085	0
1086	0	1086	0
1087	0	1087	0
1088	0	1088	0
1089	0	1089	0
1090	0	1090	0
1091	0	1091	0
1092	0	1092	0
1093	0	1093	0
1094	0	1094	0
1095	0	1095	0
1096	0	1096	0
1097	0	1097	0
1098	0	1098	0
1099	0	1099	0
1100	0	1100	0
1101	0	1101	0
1102	0	1102	0
1103	0	1103	0
1104	0	1104	0
1105	0	1105	0
1106	0	1106	0
1107	0	1107	0
1108	0	1108	0
1109	0	1109	0
1110	0	1110	0
1111	0	1111	0
1112	0	1112	0
1113	0	1113	0
1114	0	1114	0
1115	0	1115	0
1116	0	1116	0
1117	0	1117	0
1118	0	1118	0
1119	0	1119	0
1120	0	1120	0
1121	0	1121	0
1122	0	1122	0
1123	0	1123	0
1124	0	1124	0
1125	0	1125	0
1126	0	1126	0
1127	0	1127	0
1128	0	1128	0
1129	0	1129	0
1130	0	1130	0
1131	0	1131	0
1132	0	1132	0
1133	0	1133	0
1134	0	1134	0
1135	0	1135	0
1136	0	1136	0
1137	0	1137	0
1138	0	1138	0
1139	0	1139	0
1140	0	1140	0
1141	0	1141	0
1142	0	1142	0
1143	0	1143	0
1144	0	1144	0
1145	0	1145	0
1146	0	1146	0
1147	0	1147	0
1148	0	1148	0
1149	0	1149	0
1150	0	1150	0
1151	0	1151	0
1152	0	1152	0
1153	0	1153	0
1154	0	1154	0
1155	0	1155	0
1156	0	1156	0
1157	0	1157	0
1158	0	1158	0
1159	0	1159	0
1160	0	1160	0
1161	0	1161	0
1162	0	1162	0
1163	0	1163	0
1164	0	1164	0
1165	0	1165	0
1166	0	1166	0
1167	0	1167	0
1168	0	1168	0
1169	0	1169	0
1170	0	1170	0
1171	0	1171	0
1172	0	1172	0
1173	0	1173	0
1174	0	1174	0
1175	0	1175	0
1176	0	1176	0
1177	0	1177	0
1178	0	1178	0
1179	0	1179	0
1180	0	1180	0
1181	0	1181	0
1182	0	1182	0
1183	0	1183	0
1184	0	1184	0
1185	0	1185	0
1186	0	1186	0
1187	0	1187	0
1188	0	1188	0
1189	0	1189	0
1190	0	1190	0
1191	0	1191	0
1192	0	1192	0
1193	0	1193	0
1194	0	1194	0
1195	0	1195	0
1196	0	1196	0
1197	0	1197	0
1198	0	1198	0
1199	0	1199	0
1200	0	1200	0
1201	0	1201	0
1202	0	1202	0
1203	0	1203	0
1204	0	1204	0
1205	0	1205	0
1206	0	1206	0
1207	0	1207	0
1208	0	1208	0
1209	0	1209	0
1210	0	1210	0
1211	0	1211	0
1212	0	1212	0
1213	0	1213	0
1214	0	1214	0
1215	0	1215	0
1216	0	1216	0
1217	0	1217	0
1218	0	1218	0
1219	0	1219	0
1220	0	1220	0
1221	0	1221	0
1222	0	1222	0
1223	0	1223	0
1224	0	1224	0
1225	0	1225	0
1226	0	1226	0
1227	0	1227	0
1228	0	1228	0
1229	0	1229	0
1230	0	1230	0
1231	0	1231	0
1232	0	1232	0
1233	0	1233	0
1234	0	1234	0
1235	0	1235	0
1236	0	1236	0
1237	0	1237	0
1238	0	1238	0
1239	0	1239	0
1240	0	1240	0
1241	0	1241	0
1242	0	1242	0
1243	0	1243	0
1244	0	1244	0
1245	0	1245	0
1246	0	1246	0
1247	0	1247	0
1248	0	1248	0
1249	0	1249	0
1250	0	1250	0
1251	0	1251	0
1252	0	1252	0
1253	0	1253	0
1254	0	1254	0
1255	0	1255	0
1256	0	1256	0
1257	0	1257	0
1258	0	1258	0
1259	0	1259	0
1260	0	1260	0
1261	0	1261	0
1262	0	1262	0
1263	0	1263	0
1264	0	1264	0
1265	0	1265	0
1266	0	1266	0
1267	0	1267	0
1268	0	1268	0
1269	0	1269	0
1270	0	1270	0
1271	0	1271	0
1272	0	1272	0
1273	0	1273	0
1274	0	1274	0
1275	0	1275	0
1276	0	1276	0
1277	0	1277	0
1278	0	1278	0
1279	0	1279	0
1280	0	1280	0
1281	0	1281	0
1282	0	1282	0
1283	0	1283	0
1284	0	1284	0
1285	0	1285	0
1286	0	1286	0
1287	0	1287	0
1288	0	1288	0
1289	0	1289	0
1290	0	1290	0
1291	0	1291	0
1292	0	1292	0
1293	0	1293	0
1294	0	1294	0
1295	0	1295	0
1296	0	1296	0
1297	0	1297	0
1298	0	1298	0
1299	0	1299	0
1300	0	1300	0
1301	0	1301	0
1302	0	1302	0
1303	0	1303	0
1304	0	1304	0
1305	0	1305	0
1306	0	1306	0
1307	0	1307	0
1308	0	1308	0
1309	0	1309	0
1310	0	1310	0
1311	0	1311	0
1312	0	1312	0
1313	0	1313	0
1314	0	1314	0
1315	0	1315	0
1316	0	1316	0
1317	0	1317	0
1318	0	1318	0
1319	0	1319	0
1320	0	1320	0
1321	0	1321	0
1322	0	1322	0
1323	0	1323	0
1324	0	1324	0
1325	0	1325	0
1326	0	1326	0
1327	0	1327	0
1328	0	1328	0
1329	0	1329	0
1330	0	1330	0
1331	0	1331	0
1332	0	1332	0
1333	0	1333	0
1334	0	1334	0
1335	0	1335	0
1336	0	1336	0
1337	0	1337	0
1338	0	1338	0
1339	0	1339	0
1340	0	1340	0
1341	0	1341	0
1342	0	1342	0
1343	0	1343	0
1344	0	1344	0
1345	0	1345	0
1346	0	1346	0
1347	0	1347	0
1348	0	1348	0
1349	0	1349	0
1350	0	1350	0
1351	0	1351	0
1352	0	1352	0
1353	0	1353	0
1354	0	1354	0
1355	0	1355	0
1356	0	1356	0
1357	0	1357	0
1358	0	1358	0
1359	0	1359	0
1360	0	1360	0
1361	0	1361	0
1362	0	1362	0
1363	0	1363	0
1364	0	1364	0
1365	0	1365	0
1366	0	1366	0
1367	0	1367	0
1368	0	1368	0
1369	0	1369	0
1370	0	1370	0
1371	0	1371	0
1372	0	1372	0
1373	0	1373	0
1374	0	1374	0
1375	0	1375	0
1376	0	1376	0
1377	0	1377	0
1378	0	1378	0
1379	0	1379	0
1380	0	1380	0
1381	0	1381	0
1382	0	1382	0
1383	0	1383	0
1384	0	1384	0
1385	0	1385	0
1386	0	1386	0
1387	0	1387	0
1388	0	1388	0
1389	0	1389	0
1390	0	1390	0
1391	0	1391	0
1392	0	1392	0
1393	0	1393	0
1394	0	1394	0
1395	0	1395	0
1396	0	1396	0
1397	0	1397	0
1398	0	1398	0
1399	0	1399	0
1400	0	1400	0
1401	0	1401	0
1402	0	1402	0
1403	0	1403	0
1404	0	1404	0
1405	0	1405	0
1406	0	1406	0
1407	0	1407	0
1408	0	1408	0
1409	0	1409	0
1410	0	1410	0
1411	0	1411	0
1412	0	1412	0
1413	0	1413	0
1414	0	1414	0
1415	0	1415	0
1416	0	1416	0
1417	0	1417	0
1418	0	1418	0
1419	0	1419	0
1420	0	1420	0
1421	0	1421	0
1422	0	1422	0
1423	0	1423	0
1424	0	1424	0
1425	0	1425	0
1426	0	1426	0
1427	0	1427	0
1428	0	1428	0
1429	0	1429	0
1430	0	1430	0
1431	0	1431	0
1432	0	1432	0
1433	0	1433	0
1434	0	1434	0
1435	0	1435	0
1436	0	1436	0
1437	0	1437	0
1438	0	1438	0
1439	0	1439	0
1440	0	1440	0
1441	0	1441	0
1442	0	1442	0
1443	0	1443	0
1444	0	1444	0
1445	0	1445	0
1446	0	1446	0
1447	0	1447	0
1448	0	1448	0
1449	0	1449	0
1450	0	1450	0
1451	0	1451	0
1452	0	1452	0
1453	0	1453	0
1454	0	1454	0
1455	0	1455	0
1456	0	1456	0
1457	0	1457	0
1458	0	1458	0
1459	0	1459	0
1460	0	1460	0
1461	0	1461	0
1462	0	1462	0
1463	0	1463	0
1464	0	1464	0
1465	0	1465	0
1466	0	1466	0
1467	0	1467	0
1468	0	1468	0
1469	0	1469	0
1470	0	1470	0
1471	0	1471	0
1472	0	1472	0
1473	0	1473	0
1474	0	1474	0
1475	0	1475	0
1476	0	1476	0
1477	0	1477	0
1478	0	1478	0
1479	0	1479	0
1480	0	1480	0
1481	0	1481	0
1482	0	1482	0
1483	0	1483	0
1484	0	1484	0
1485	0	1485	0
1486	0	1486	0
1487	0	1487	0
1488	0	1488	0
1489	0	1489	0
1490	0	1490	0
1491	0	1491	0
1492	0	1492	0
1493	0	1493	0
1494	0	1494	0
1495	0	1495	0
1496	0	1496	0
1497	0	1497	0
1498	0	1498	0
1499	0	1499	0
1500	0	1500	0
1501	0	1501	0
1502	0	1502	0
1503	0	1503	0
1504	0	1504	0
1505	0	1505	0
1506	0	1506	0
1507	0	1507	0
1508	0	1508	0
1509	0	1509	0
1510	0	1510	0
1511	0	1511	0
1512	0	1512	0
1513	0	1513	0
1514	0	1514	0
1515	0	1515	0
1516	0	1516	0
1517	0	1517	0
1518	0	1518	0
1519	0	1519	0
1520	0	1520	0
1521	0	1521	0
1522	0	1522	0
1523	0	1523	0
1524	0	1524	0
1525	0	1525	0
1526	0	1526	0
1527	0	1527	0
1528	0	1528	0
1529	0	1529	0
1530	0	1530	0
1531	0	1531	0
1532	0	1532	0
1533	0	1533	0
1534	0	1534	0
1535	0	1535	0
1536	0	1536	0
1537	0	1537	0
1538	0	1538	0
1539	0	1539	0
1540	0	1540	0
1541	0	1541	0
1542	0	1542	0
1543	0	1543	0
1544	0	1544	0
1545	0	1545	0
1546	0	1546	0
1547	0	1547	0
1548	0	1548	0
1549	0	1549	0
1550	0	1550	0
1551	0	1551	0
1552	0	1552	0
1553	0	1553	0
1554	0	1554	0
1555	0	1555	0
1556	0	1556	0
1557	0	1557	0
1558	0	1558	0
1559	0	1559	0
1560	0	1560	0
1561	0	1561	0
1562	0	1562	0
1563	0	1563	0
1564	0	1564	0
1565	0	1565	0
1566	0	1566	0
1567	0	1567	0
1568	0	1568	0
1569	0	1569	0
1570	0	1570	0
1571	0	1571	0
1572	0	1572	0
1573	0	1573	0
1574	0	1574	0
1575	0	1575	0
1576	0	1576	0
1577	0	1577	0
1578	0	1578	0
1579	0	1579	0
1580	0	1580	0
1581	0	1581	0
1582	0	1582	0
1583	0	1583	0
1584	0	1584	0
1585	0	1585	0
1586	0	1586	0
1587	0	1587	0
1588	0	1588	0
1589	0	1589	0
1590	0	1590	0
1591	0	1591	0
1592	0	1592	0
1593	0	1593	0
1594	0	1594	0
1595	0	1595	0
1596	0	1596	0
1597	0	1597	0
1598	0	1598	0
1599	0	1599	0
1600	0	1600	0
1601	0	1601	0
1602	0	1602	0
1603	0	1603	0
1604	0	1604	0
1605	0	1605	0
1606	0	1606	0
1607	0	1607	0
1608	0	1608	0
1609	0	1609	0
1610	0	1610	0
1611	0	1611	0
1612	0	1612	0
1613	0	1613	0
1614	0	1614	0
1615	0	1615	0
1616	0	1616	0
1617	0	1617	0
1618	0	1618	0
1619	0	1619	0
1620	0	1620	0
1621	0	1621	0
1622	0	1622	0
1623	0	1623	0
1624	0	1624	0
1625	0	1625	0
1626	0	1626	0
1627	0	1627	0
1628	0	1628	0
1629	0	1629	0
1630	0	1630	0
1631	0	1631	0
1632	0	1632	0
1633	0	1633	0
1634	0	1634	0
1635	0	1635	0
1636	0	1636	0
1637	0	1637	0
1638	0	1638	0
1639	0	1639	0
1640	0	1640	0
1641	0	1641	0
1642	0	1642	0
1643	0	1643	0
1644	0	1644	0
1645	0	1645	0
1646	0	1646	0
1647	0	1647	0
1648	0	1648	0
1649	0	1649	0
1650	0	1650	0
1651	0	1651	0
1652	0	1652	0
1653	0	1653	0
1654	0	1654	0
1655	0	1655	0
1656	0	1656	0
1657	0	1657	0
1658	0	1658	0
1659	0	1659	0
1660	0	1660	0
1661	0	1661	0
1662	0	1662	0
1663	0	1663	0
1664	0	1664	0
1665	0	1665	0
1666	0	1666	0
1667	0	1667	0
1668	0	1668	0
1669	0	1669	0
1670	0	1670	0
1671	0	1671	0
1672	0	1672	0
1673	0	1673	0
1674	0	1674	0
1675	0	1675	0
1676	0	1676	0
1677	0	1677	0
1678	0	1678	0
1679	0	1679	0
1680	0	1680	0
1681	0	1681	0
1682	0	1682	0
1683	0	1683	0
1684	0	1684	0
1685	0	1685	0
1686	0	1686	0
1687	0	1687	0
1688	0	1688	0
1689	0	1689	0
1690	0	1690	0
1691	0	1691	0
1692	0	1692	0
1693	0	1693	0
1694	0	1694	0
1695	0	1695	0
1696	0	1696	0
1697	0	1697	0
1698	0	1698	0
1699	0	1699	0
1700	0	1700	0
1702	0	1702	0
1705	0	1705	0
1710	0	1710	0
1715	0	1715	0
1720	0	1720	0
1725	0	1725	0
1730	0	1730	0
1735	0	1735	0
1740	0	1740	0
1745	0	1745	0
1750	0	1750	0
1755	0	1755	0
1760	0	1760	0
1765	0	1765	0
1770	0	1770	0
1775	0	1775	0
1780	0	1780	0
1785	0	1785	0
1790	0	1790	0
1795	0	1795	0
1800	0	1800	0
1805	0	1805	0
1810	0	1810	0
1815	0	1815	0
1820	0	1820	0
1825	0	1825	0
1830	0	1830	0
1835	0	1835	0
1840	0	1840	0
1845	0	1845	0
1850	0	1850	0
1855	0	1855	0
1860	0	1860	0
1865	0	1865	0
1870	0	1870	0
1875	0	1875	0
1880	0	1880	0
1885	0	1885	0
1890	0	1890	0
1895	0	1895	0
1900	0	1900	0
1905	0	1905	0
1910	0	1910	0
1915	0	1915	0
1920	0	1920	0
1925	0	1925	0
1930	0	1930	0
1935	0	1935	0
1940	0	1940	0
1945	0	1945	0
1950	0	1950	0
1955	0	1955	0
1960	0	1960	0
1965	0	1965	0
1970	0	1970	0
1975	0	1975	0
1980	0	1980	0
1985	0	1985	0
1990	0	1990	0
1995	0	1995	0
2000	0	2000	0
2005	0	2005	0
2010	0	2010	0
2015	0	2015	0
2020	0	2020	0
2025	0	2025	0
2030	0	2030	0
2035	0	2035	0
2040	0	2040	0
2045	0	2045	0
2050	0	2050	0
2055	0	2055	0
2060	0	2060	0
2065	0	2065	0
2070	0	2070	0
2075	0	2075	0
2080	0	2080	0
2085	0	2085	0
2090	0	2090	0
2095	0	2095	0
2100	0	2100	0
2105	0	2105	0
2110	0	2110	0
2115	0	2115	0
2120	0	2120	0
2125	0	2125	0
2130	0	2130	0
2135	0	2135	0
2140	0	2140	0
2145	0	2145	0
2150	0	2150	0
2155	0	2155	0
2160	0	2160	0
2165	0	2165	0
2170	0	2170	0
2175	0	2175	0
2180	0	2180	0
2185	0	2185	0
2190	0	2190	0
2195	0	2195	0
2200	0	2200	0
2205	0	2205	0
2210	0	2210	0
2215	0	2215	0
2220	0	2220	0
2225	0	2225	0
2230	0	2230	0
2235	0	2235	0
2240	0	2240	0
2245	0	2245	0
2250	0	2250	0
2255	0	2255	0
2260	0	2260	0
2265	0	2265	0
2270	0	2270	0
2275	0	2275	0
2280	0	2280	0
2285	0	2285	0
2290	0	2290	0
2295	0	2295	0
2300	0	2300	0
2305	0	2305	0
2310	0	2310	0
2315	0	2315	0
2320	0	2320	0
2325	0	2325	0
2330	0	2330	0
2335	0	2335	0
2340	0	2340	0
2345	0	2345	0
2350	0	2350	0
2355	0	2355	0
2360	0	2360	0
2365	0	2365	0
2370	0	2370	0
2375	0	2375	0
2380	0	2380	0
2385	0	2385	0
2390	0	2390	0
2395	0	2395	0
2400	0	2400	0
2405	0	2405	0
2410	0	2410	0
2415	0	2415	0
2420	0	2420	0
2425	0	2425	0
2430	0	2430	0
2435	0	2435	0
2440	0	2440	0
2445	0	2445	0
2450	0	2450	0
2455	0	2455	0
2460	0	2460	0
2465	0	2465	0
2470	0	2470	0
2475	0	2475	0
2480	0	2480	0
2485	0	2485	0
2490	0	2490	0
2495	0	2495	0
2500	0	2500	0
2505	0	2505	0
2510	0	2510	0
2515	0	2515	0
2520	0	2520	0
2525	0	2525	0
2530	0	2530	0
2535	0	2535	0
2540	0	2540	0
2545	0	2545	0
2550	0	2550	0
2555	0	2555	0
2560	0	2560	0
2565	0	2565	0
2570	0	2570	0
2575	0	2575	0
2580	0	2580	0
2585	0	2585	0
2590	0	2590	0
2595	0	2595	0
2600	0	2600	0
2605	0	2605	0
2610	0	2610	0
2615	0	2615	0
2620	0	2620	0
2625	0	2625	0
2630	0	2630	0
2635	0	2635	0
2640	0	2640	0
2645	0	2645	0
2650	0	2650	0
2655	0	2655	0
2660	0	2660	0
2665	0	2665	0
2670	0	2670	0
2675	0	2675	0
2680	0	2680	0
2685	0	2685	0
2690	0	2690	0
2695	0	2695	0
2700	0	2700	0
2705	0	2705	0
2710	0	2710	0
2715	0	2715	0
2720	0	2720	0
2725	0	2725	0
2730	0	2730	0
2735	0	2735	0
2740	0	2740	0
2745	0	2745	0
2750	0	2750	0
2755	0	2755	0
2760	0	2760	0
2765	0	2765	0
2770	0	2770	0
2775	0	2775	0
2780	0	2780	0
2785	0	2785	0
2790	0	2790	0
2795	0	2795	0
2800	0	2800	0
2805	0	2805	0
2810	0	2810	0
2815	0	2815	0
2820	0	2820	0
2825	0	2825	0
2830	0	2830	0
2835	0	2835	0
2840	0	2840	0
2845	0	2845	0
2850	0	2850	0
2855	0	2855	0
2860	0	2860	0
2865	0	2865	0
2870	0	2870	0
2875	0	2875	0
2880	0	2880	0
2885	0	2885	0
2890	0	2890	0
2895	0	2895	0
2900	0	2900	0
2905	0	2905	0
2910	0	2910	0
2915	0	2915	0
2920	0	2920	0
2925	0	2925	0
2930	0	2930	0
2935	0	2935	0
2940	0	2940	0
2945	0	2945	0
2950	0	2950	0
2955	0	2955	0
2960	0	2960	0
2965	0	2965	0
2970	0	2970	0
2975	0	2975	0
2980	0	2980	0
2985	0	2985	0
2990	0	2990	0
2995	0	2995	0
3000	0	3000	0
3005	0	3005	0
3010	0	3010	0
3015	0	3015	0
3020	0	3020	0
3025	0	3025	0
3030	0	3030	0
3035	0	3035	0
3040	0	3040	0
3045	0	3045	0
3050	0	3050	0
3055	0	3055	0
3060	0	3060	0
3065	0	3065	0
3070	0	3070	0
3075	0	3075	0
3080	0	3080	0
3085	0	3085	0
3090	0	3090	0
3095	0	3095	0
3100	0	3100	0
3105	0	3105	0
3110	0	3110	0
3115	0	3115	0
3120	0	3120	0
3125	0	3125	0
3130	0	3130	0
3135	0	3135	0
3140	0	3140	0
3145	0	3145	0
3150	0	3150	0
3155	0	3155	0
3160	0	3160	0
3165	0	3165	0
3170	0	3170	0
3175	0	3175	0
3180	0	3180	0
3185	0	3185	0
3190	0	3190	0
3195	0	3195	0
3200	0	3200	0
3205	0	3205	0
3210	0	3210	0
3215	0	3215	0
3220	0	3220	0
3225	0	3225	0
3230	0	3230	0
3235	0	3235	0
3240	0	3240	0
3245	0	3245	0
3250	0	3250	0
3255	0	3255	0
3260	0	3260	0
3265	0	3265	0
3270	0	3270	0
3275	0	3275	0
3280	0	3280	0
3285	0	3285	0
3290	0	3290	0
3295	0	3295	0
3300	0	3300	0
3305	0	3305	0
3310	0	3310	0
3315	0	3315	0
3320	0	3320	0
3325	0	3325	0
3330	0	3330	0
3335	0	3335	0
3340	0	3340	0
3345	0	3345	0
3350	0	3350	0
3355	0	3355	0
3360	0	3360	0
3365	0	3365	0
3370	0	3370	0
3375	0	3375	0
3380	0	3380	0
3385	0	3385	0
3390	0	3390	0
3395	0	3395	0
3400	0	3400	0
3405	0	3405	0
3410	0	3410	0
3415	0	3415	0
3420	0	3420	0
3425	0	3425	0
3430	0	3430	0
3435	0	3435	0
3440	0	3440	0
3445	0	3445	0
3450	0	3450	0
3455	0	3455	0
3460	0	3460	0
3465	0	3465	0
3470	0	3470	0
3475	0	3475	0
3480	0	3480	0
3485	0	3485	0
3490	0	3490	0
3495	0	3495	0
3500	0	3500	0
3505	0	3505	0
3510	0	3510	0
3515	0	3515	0
3520	0	3520	0
3525	0	3525	0
3530	0	3530	0
3535	0	3535	0
3540	0	3540	0
3545	0	3545	0
3550	0	3550	0
3555	0	3555	0
3560	0	3560	0
3565	0	3565	0
3570	0	3570	0
3575	0	3575	0
3580	0	3580	0
3585	0	3585	0
3590	0	3590	0
3595	0	3595	0
3600	0	3600	0
3605	0	3605	0
3610	0	3610	0
3615	0	3615	0
3620	0	3620	0
3625	0	3625	0
3630	0	3630	0
3635	0	3635	0
3640	0	3640	0
3645	0	3645	0
3650	0	3650	0
3655	0	3655	0
3660	0	3660	0
3665	0	3665	0
3670	0	3670	0
3675	0	3675	0
3680	0	3680	0
3685	0	3685	0
3690	0	3690	0
3695	0	3695	0
3700	0	3700	0
3705	0	3705	0
3710	0	3710	0
3715	0	3715	0
3720	0	3720	0
3725	0	3725	0
3730	0	3730	0
3735	0	3735	0
3740	0	3740	0
3745	0	3745	0
3750	0	3750	0
3755	0	3755	0
3760	0	3760	0
3765	0	3765	0
3770	0	3770	0
3775	0	3775	0
3780	0	3780	0
3785	0	3785	0
3790	0	3790	0
3795	0	3795	0
3800	0	3800	0
3805	0	3805	0
3810	0	3810	0
3815	0	3815	0
3820	0	3820	0
3825	0	3825	0
3830	0	3830	0
3835	0	3835	0
3840	0	3840	0
3845	0	3845	0
3850	0	3850	0
3855	0	3855	0
3860	0	3860	0
3865	0	3865	0
3870	0	3870	0
3875	0	3875	0
3880	0	3880	0
3885	0	3885	0
3890	0	3890	0
3895	0	3895	0
3900	0	3900	0
3905	0	3905	0
3910	0	3910	0
3915	0	3915	0
3920	0	3920	0
3925	0	3925	0
3930	0	3930	0
3935	0	3935	0
3940	0	3940	0
3945	0	3945	0
3950	0	3950	0
3955	0	3955	0
3960	0	3960	0
3965	0	3965	0
3970	0	3970	0
3975	0	3975	0
3980	0	3980	0
3985	0	3985	0
3990	0	3990	0
3995	0	3995	0
4000	0	4000	0
