wavelength,Quantum efficiency,normalized QE,inflection point
nm,[%],[ ],nm
PBDB-T:F-M 190nm,PBDB-T:F-M 190nm,PBDB-T:F-M 190nm,PBDB-T:F-M 190nm
280,0,0,712.6
280.5,0,0,712.6
281,0,0,712.6
281.5,0,0,712.6
282,0,0,712.6
282.5,0,0,712.6
283,0,0,712.6
283.5,0,0,712.6
284,0,0,712.6
284.5,0,0,712.6
285,0,0,712.6
285.5,0,0,712.6
286,0,0,712.6
286.5,0,0,712.6
287,0,0,712.6
287.5,0,0,712.6
288,0,0,712.6
288.5,0,0,712.6
289,0,0,712.6
289.5,0,0,712.6
290,0,0,712.6
290.5,0,0,712.6
291,0,0,712.6
291.5,0,0,712.6
292,0,0,712.6
292.5,0,0,712.6
293,0,0,712.6
293.5,0,0,712.6
294,0,0,712.6
294.5,0,0,712.6
295,0,0,712.6
295.5,0,0,712.6
296,0,0,712.6
296.5,0,0,712.6
297,0,0,712.6
297.5,0,0,712.6
298,0,0,712.6
298.5,0,0,712.6
299,0,0,712.6
299.5,0,0,712.6
300,2.15568,0.0291599707815924,712.6
300.5,2.3263308,0.0314683710737765,712.6
301,2.4969816,0.0337767713659606,712.6
301.5,2.6676324,0.0360851716581446,712.6
302,2.8382832,0.0383935719503287,712.6
302.5,3.008934,0.0407019722425128,712.6
303,3.1795848,0.0430103725346969,712.6
303.5,3.3502356,0.0453187728268809,712.6
304,3.5208864,0.047627173119065,712.6
304.5,3.6915372,0.0499355734112491,712.6
305,3.862188,0.0522439737034332,712.6
305.5,4.0328388,0.0545523739956172,712.6
306,4.2034896,0.0568607742878013,712.6
306.5,4.3741404,0.0591691745799854,712.6
307,4.5447912,0.0614775748721695,712.6
307.5,4.715442,0.0637859751643535,712.6
308,4.8860928,0.0660943754565376,712.6
308.5,5.0567436,0.0684027757487217,712.6
309,5.2273944,0.0707111760409058,712.6
309.5,5.3980452,0.0730195763330899,712.6
310,5.568696,0.0753279766252739,712.6
310.5,5.8835052,0.0795864134404675,712.6
311,6.1983144,0.0838448502556611,712.6
311.5,6.5131236,0.0881032870708546,712.6
312,6.8279328,0.0923617238860482,712.6
312.5,7.142742,0.0966201607012418,712.6
313,7.4575512,0.100878597516435,712.6
313.5,7.7723604,0.105137034331629,712.6
314,8.0871696,0.109395471146822,712.6
314.5,8.4019788,0.113653907962016,712.6
315,8.716788,0.11791234477721,712.6
315.5,9.0315972,0.122170781592403,712.6
316,9.3464064,0.126429218407597,712.6
316.5,9.6612156,0.13068765522279,712.6
317,9.9760248,0.134946092037984,712.6
317.5,10.290834,0.139204528853177,712.6
318,10.6056432,0.143462965668371,712.6
318.5,10.9204524,0.147721402483565,712.6
319,11.2352616,0.151979839298758,712.6
319.5,11.5500708,0.156238276113952,712.6
320,11.86488,0.160496712929145,712.6
320.5,12.495762,0.169030679327977,712.6
321,13.126644,0.177564645726808,712.6
321.5,13.757526,0.186098612125639,712.6
322,14.388408,0.19463257852447,712.6
322.5,15.01929,0.203166544923302,712.6
323,15.650172,0.211700511322133,712.6
323.5,16.281054,0.220234477720964,712.6
324,16.911936,0.228768444119795,712.6
324.5,17.542818,0.237302410518627,712.6
325,18.1737,0.245836376917458,712.6
325.5,18.804582,0.254370343316289,712.6
326,19.435464,0.262904309715121,712.6
326.5,20.066346,0.271438276113952,712.6
327,20.697228,0.279972242512783,712.6
327.5,21.32811,0.288506208911614,712.6
328,21.958992,0.297040175310446,712.6
328.5,22.589874,0.305574141709277,712.6
329,23.220756,0.314108108108108,712.6
329.5,23.851638,0.322642074506939,712.6
330,24.48252,0.331176040905771,712.6
330.5,25.217352,0.341116143170197,712.6
331,25.952184,0.351056245434624,712.6
331.5,26.687016,0.36099634769905,712.6
332,27.421848,0.370936449963477,712.6
332.5,28.15668,0.380876552227904,712.6
333,28.891512,0.39081665449233,712.6
333.5,29.626344,0.400756756756757,712.6
334,30.361176,0.410696859021183,712.6
334.5,31.096008,0.42063696128561,712.6
335,31.83084,0.430577063550036,712.6
335.5,32.565672,0.440517165814463,712.6
336,33.300504,0.45045726807889,712.6
336.5,34.035336,0.460397370343316,712.6
337,34.770168,0.470337472607743,712.6
337.5,35.505,0.480277574872169,712.6
338,36.239832,0.490217677136596,712.6
338.5,36.974664,0.500157779401023,712.6
339,37.709496,0.510097881665449,712.6
339.5,38.444328,0.520037983929876,712.6
340,39.17916,0.529978086194302,712.6
340.5,39.674934,0.536684441197955,712.6
341,40.170708,0.543390796201607,712.6
341.5,40.666482,0.550097151205259,712.6
342,41.162256,0.556803506208912,712.6
342.5,41.65803,0.563509861212564,712.6
343,42.153804,0.570216216216216,712.6
343.5,42.649578,0.576922571219868,712.6
344,43.145352,0.583628926223521,712.6
344.5,43.641126,0.590335281227173,712.6
345,44.1369,0.597041636230825,712.6
345.5,44.632674,0.603747991234478,712.6
346,45.128448,0.61045434623813,712.6
346.5,45.624222,0.617160701241782,712.6
347,46.119996,0.623867056245435,712.6
347.5,46.61577,0.630573411249087,712.6
348,47.111544,0.637279766252739,712.6
348.5,47.607318,0.643986121256391,712.6
349,48.103092,0.650692476260044,712.6
349.5,48.598866,0.657398831263696,712.6
350,49.09464,0.664105186267348,712.6
350.5,49.265496,0.666416362308254,712.6
351,49.436352,0.66872753834916,712.6
351.5,49.607208,0.671038714390066,712.6
352,49.778064,0.673349890430971,712.6
352.5,49.94892,0.675661066471877,712.6
353,50.119776,0.677972242512783,712.6
353.5,50.290632,0.680283418553689,712.6
354,50.461488,0.682594594594595,712.6
354.5,50.632344,0.6849057706355,712.6
355,50.8032,0.687216946676406,712.6
355.5,50.974056,0.689528122717312,712.6
356,51.144912,0.691839298758218,712.6
356.5,51.315768,0.694150474799123,712.6
357,51.486624,0.696461650840029,712.6
357.5,51.65748,0.698772826880935,712.6
358,51.828336,0.701084002921841,712.6
358.5,51.999192,0.703395178962747,712.6
359,52.170048,0.705706355003652,712.6
359.5,52.340904,0.708017531044558,712.6
360,52.51176,0.710328707085464,712.6
360.5,52.376112,0.708493791088386,712.6
361,52.240464,0.706658875091307,712.6
361.5,52.104816,0.704823959094229,712.6
362,51.969168,0.702989043097151,712.6
362.5,51.83352,0.701154127100073,712.6
363,51.697872,0.699319211102995,712.6
363.5,51.562224,0.697484295105917,712.6
364,51.426576,0.695649379108839,712.6
364.5,51.290928,0.69381446311176,712.6
365,51.15528,0.691979547114682,712.6
365.5,51.019632,0.690144631117604,712.6
366,50.883984,0.688309715120526,712.6
366.5,50.748336,0.686474799123448,712.6
367,50.612688,0.684639883126369,712.6
367.5,50.47704,0.682804967129292,712.6
368,50.341392,0.680970051132213,712.6
368.5,50.205744,0.679135135135135,712.6
369,50.070096,0.677300219138057,712.6
369.5,49.934448,0.675465303140979,712.6
370,49.7988,0.673630387143901,712.6
370.5,49.56471,0.670463842220599,712.6
371,49.33062,0.667297297297297,712.6
371.5,49.09653,0.664130752373996,712.6
372,48.86244,0.660964207450694,712.6
372.5,48.62835,0.657797662527392,712.6
373,48.39426,0.654631117604091,712.6
373.5,48.16017,0.651464572680789,712.6
374,47.92608,0.648298027757487,712.6
374.5,47.69199,0.645131482834185,712.6
375,47.4579,0.641964937910884,712.6
375.5,47.22381,0.638798392987582,712.6
376,46.98972,0.63563184806428,712.6
376.5,46.75563,0.632465303140979,712.6
377,46.52154,0.629298758217677,712.6
377.5,46.28745,0.626132213294376,712.6
378,46.05336,0.622965668371074,712.6
378.5,45.81927,0.619799123447772,712.6
379,45.58518,0.61663257852447,712.6
379.5,45.35109,0.613466033601169,712.6
380,45.117,0.610299488677867,712.6
380.5,44.945064,0.607973703433163,712.6
381,44.773128,0.605647918188459,712.6
381.5,44.601192,0.603322132943754,712.6
382,44.429256,0.60099634769905,712.6
382.5,44.25732,0.598670562454346,712.6
383,44.085384,0.596344777209642,712.6
383.5,43.913448,0.594018991964938,712.6
384,43.741512,0.591693206720234,712.6
384.5,43.569576,0.58936742147553,712.6
385,43.39764,0.587041636230826,712.6
385.5,43.225704,0.584715850986121,712.6
386,43.053768,0.582390065741417,712.6
386.5,42.881832,0.580064280496713,712.6
387,42.709896,0.577738495252009,712.6
387.5,42.53796,0.575412710007305,712.6
388,42.366024,0.5730869247626,712.6
388.5,42.194088,0.570761139517896,712.6
389,42.022152,0.568435354273192,712.6
389.5,41.850216,0.566109569028488,712.6
390,41.67828,0.563783783783784,712.6
390.5,41.63211,0.563159240321402,712.6
391,41.58594,0.562534696859021,712.6
391.5,41.53977,0.56191015339664,712.6
392,41.4936,0.561285609934259,712.6
392.5,41.44743,0.560661066471877,712.6
393,41.40126,0.560036523009496,712.6
393.5,41.35509,0.559411979547115,712.6
394,41.30892,0.558787436084733,712.6
394.5,41.26275,0.558162892622352,712.6
395,41.21658,0.557538349159971,712.6
395.5,41.17041,0.556913805697589,712.6
396,41.12424,0.556289262235208,712.6
396.5,41.07807,0.555664718772827,712.6
397,41.0319,0.555040175310446,712.6
397.5,40.98573,0.554415631848064,712.6
398,40.93956,0.553791088385683,712.6
398.5,40.89339,0.553166544923302,712.6
399,40.84722,0.55254200146092,712.6
399.5,40.80105,0.551917457998539,712.6
400,40.75488,0.551292914536158,712.6
401,40.79592,0.551848064280497,712.6
402,40.83696,0.552403214024836,712.6
403,40.878,0.552958363769175,712.6
404,40.91904,0.553513513513514,712.6
405,40.96008,0.554068663257852,712.6
406,41.00112,0.554623813002191,712.6
407,41.04216,0.55517896274653,712.6
408,41.0832,0.555734112490869,712.6
409,41.12424,0.556289262235208,712.6
410,41.16528,0.556844411979547,712.6
411,41.379876,0.559747260774288,712.6
412,41.594472,0.562650109569029,712.6
413,41.809068,0.565552958363769,712.6
414,42.023664,0.56845580715851,712.6
415,42.23826,0.57135865595325,712.6
416,42.452856,0.574261504747991,712.6
417,42.667452,0.577164353542732,712.6
418,42.882048,0.580067202337473,712.6
419,43.096644,0.582970051132213,712.6
420,43.31124,0.585872899926954,712.6
421,43.611912,0.589940102264427,712.6
422,43.912584,0.594007304601899,712.6
423,44.213256,0.598074506939372,712.6
424,44.513928,0.602141709276844,712.6
425,44.8146,0.606208911614317,712.6
426,45.115272,0.610276113951789,712.6
427,45.415944,0.614343316289262,712.6
428,45.716616,0.618410518626735,712.6
429,46.017288,0.622477720964207,712.6
430,46.31796,0.62654492330168,712.6
431,46.564848,0.629884587289993,712.6
432,46.811736,0.633224251278305,712.6
433,47.058624,0.636563915266618,712.6
434,47.305512,0.639903579254931,712.6
435,47.5524,0.643243243243243,712.6
436,47.799288,0.646582907231556,712.6
437,48.046176,0.649922571219869,712.6
438,48.293064,0.653262235208181,712.6
439,48.539952,0.656601899196494,712.6
440,48.78684,0.659941563184806,712.6
441,49.042368,0.663398100803506,712.6
442,49.297896,0.666854638422206,712.6
443,49.553424,0.670311176040906,712.6
444,49.808952,0.673767713659605,712.6
445,50.06448,0.677224251278305,712.6
446,50.320008,0.680680788897005,712.6
447,50.575536,0.684137326515705,712.6
448,50.831064,0.687593864134405,712.6
449,51.086592,0.691050401753105,712.6
450,51.34212,0.694506939371804,712.6
451,51.622704,0.698302410518627,712.6
452,51.903288,0.702097881665449,712.6
453,52.183872,0.705893352812272,712.6
454,52.464456,0.709688823959094,712.6
455,52.74504,0.713484295105917,712.6
456,53.025624,0.717279766252739,712.6
457,53.306208,0.721075237399562,712.6
458,53.586792,0.724870708546384,712.6
459,53.867376,0.728666179693207,712.6
460,54.14796,0.732461650840029,712.6
461,54.36126,0.735346968590212,712.6
462,54.57456,0.738232286340394,712.6
463,54.78786,0.741117604090577,712.6
464,55.00116,0.74400292184076,712.6
465,55.21446,0.746888239590942,712.6
466,55.42776,0.749773557341125,712.6
467,55.64106,0.752658875091307,712.6
468,55.85436,0.75554419284149,712.6
469,56.06766,0.758429510591673,712.6
470,56.28096,0.761314828341855,712.6
471,56.380428,0.762660336011687,712.6
472,56.479896,0.764005843681519,712.6
473,56.579364,0.765351351351351,712.6
474,56.678832,0.766696859021183,712.6
475,56.7783,0.768042366691015,712.6
476,56.877768,0.769387874360847,712.6
477,56.977236,0.770733382030679,712.6
478,57.076704,0.772078889700511,712.6
479,57.176172,0.773424397370343,712.6
480,57.27564,0.774769905040175,712.6
481,57.4614,0.777282688093499,712.6
482,57.64716,0.779795471146822,712.6
483,57.83292,0.782308254200146,712.6
484,58.01868,0.78482103725347,712.6
485,58.20444,0.787333820306793,712.6
486,58.3902,0.789846603360117,712.6
487,58.57596,0.792359386413441,712.6
488,58.76172,0.794872169466764,712.6
489,58.94748,0.797384952520088,712.6
490,59.13324,0.799897735573411,712.6
491,59.405832,0.803585098612125,712.6
492,59.678424,0.80727246165084,712.6
493,59.951016,0.810959824689554,712.6
494,60.223608,0.814647187728269,712.6
495,60.4962,0.818334550766983,712.6
496,60.768792,0.822021913805697,712.6
497,61.041384,0.825709276844412,712.6
498,61.313976,0.829396639883126,712.6
499,61.586568,0.833084002921841,712.6
500,61.85916,0.836771365960555,712.6
501,62.22582,0.841731190650109,712.6
502,62.59248,0.846691015339664,712.6
503,62.95914,0.851650840029218,712.6
504,63.3258,0.856610664718773,712.6
505,63.69246,0.861570489408327,712.6
506,64.05912,0.866530314097882,712.6
507,64.42578,0.871490138787436,712.6
508,64.79244,0.87644996347699,712.6
509,65.1591,0.881409788166545,712.6
510,65.52576,0.886369612856099,712.6
511,65.79711,0.890040175310446,712.6
512,66.06846,0.893710737764792,712.6
513,66.33981,0.897381300219138,712.6
514,66.61116,0.901051862673484,712.6
515,66.88251,0.90472242512783,712.6
516,67.15386,0.908392987582177,712.6
517,67.42521,0.912063550036523,712.6
518,67.69656,0.915734112490869,712.6
519,67.96791,0.919404674945215,712.6
520,68.23926,0.923075237399562,712.6
521,68.51061,0.926745799853908,712.6
522,68.78196,0.930416362308254,712.6
523,69.05331,0.9340869247626,712.6
524,69.32466,0.937757487216947,712.6
525,69.59601,0.941428049671293,712.6
526,69.86736,0.945098612125639,712.6
527,70.13871,0.948769174579985,712.6
528,70.41006,0.952439737034331,712.6
529,70.68141,0.956110299488678,712.6
530,70.95276,0.959780861943024,712.6
531,71.169192,0.962708546384222,712.6
532,71.385624,0.96563623082542,712.6
533,71.602056,0.968563915266618,712.6
534,71.818488,0.971491599707816,712.6
535,72.03492,0.974419284149014,712.6
536,72.251352,0.977346968590212,712.6
537,72.467784,0.98027465303141,712.6
538,72.684216,0.983202337472608,712.6
539,72.900648,0.986130021913806,712.6
540,73.11708,0.989057706355004,712.6
541,73.197972,0.990151935719503,712.6
542,73.278864,0.991246165084003,712.6
543,73.359756,0.992340394448503,712.6
544,73.440648,0.993434623813002,712.6
545,73.52154,0.994528853177502,712.6
546,73.602432,0.995623082542001,712.6
547,73.683324,0.996717311906501,712.6
548,73.764216,0.997811541271001,712.6
549,73.845108,0.9989057706355,712.6
550,73.926,1,712.6
551,73.924812,0.999983929875822,712.6
552,73.923624,0.999967859751643,712.6
553,73.922436,0.999951789627465,712.6
554,73.921248,0.999935719503287,712.6
555,73.92006,0.999919649379109,712.6
556,73.918872,0.99990357925493,712.6
557,73.917684,0.999887509130752,712.6
558,73.916496,0.999871439006574,712.6
559,73.915308,0.999855368882396,712.6
560,73.91412,0.999839298758218,712.6
561,73.81152,0.99845142439737,712.6
562,73.70892,0.997063550036523,712.6
563,73.60632,0.995675675675675,712.6
564,73.50372,0.994287801314828,712.6
565,73.40112,0.992899926953981,712.6
566,73.29852,0.991512052593134,712.6
567,73.19592,0.990124178232286,712.6
568,73.09332,0.988736303871439,712.6
569,72.99072,0.987348429510592,712.6
570,72.88812,0.985960555149744,712.6
571,72.717912,0.983658144631118,712.6
572,72.547704,0.981355734112491,712.6
573,72.377496,0.979053323593864,712.6
574,72.207288,0.976750913075237,712.6
575,72.03708,0.974448502556611,712.6
576,71.866872,0.972146092037984,712.6
577,71.696664,0.969843681519357,712.6
578,71.526456,0.96754127100073,712.6
579,71.356248,0.965238860482104,712.6
580,71.18604,0.962936449963477,712.6
581,71.057088,0.961192111029949,712.6
582,70.928136,0.959447772096421,712.6
583,70.799184,0.957703433162893,712.6
584,70.670232,0.955959094229364,712.6
585,70.54128,0.954214755295836,712.6
586,70.412328,0.952470416362308,712.6
587,70.283376,0.95072607742878,712.6
588,70.154424,0.948981738495252,712.6
589,70.025472,0.947237399561724,712.6
590,69.89652,0.945493060628196,712.6
591,69.791112,0.944067202337473,712.6
592,69.685704,0.942641344046749,712.6
593,69.580296,0.941215485756026,712.6
594,69.474888,0.939789627465303,712.6
595,69.36948,0.93836376917458,712.6
596,69.264072,0.936937910883857,712.6
597,69.158664,0.935512052593134,712.6
598,69.053256,0.934086194302411,712.6
599,68.947848,0.932660336011687,712.6
600,68.84244,0.931234477720964,712.6
601,68.702796,0.929345507669832,712.6
602,68.563152,0.9274565376187,712.6
603,68.423508,0.925567567567568,712.6
604,68.283864,0.923678597516435,712.6
605,68.14422,0.921789627465303,712.6
606,68.004576,0.919900657414171,712.6
607,67.864932,0.918011687363039,712.6
608,67.725288,0.916122717311907,712.6
609,67.585644,0.914233747260774,712.6
610,67.446,0.912344777209642,712.6
611,67.36986,0.911314828341855,712.6
612,67.29372,0.910284879474068,712.6
613,67.21758,0.909254930606282,712.6
614,67.14144,0.908224981738495,712.6
615,67.0653,0.907195032870708,712.6
616,66.98916,0.906165084002922,712.6
617,66.91302,0.905135135135135,712.6
618,66.83688,0.904105186267348,712.6
619,66.76074,0.903075237399562,712.6
620,66.6846,0.902045288531775,712.6
621,66.623688,0.901221329437546,712.6
622,66.562776,0.900397370343316,712.6
623,66.501864,0.899573411249087,712.6
624,66.440952,0.898749452154857,712.6
625,66.38004,0.897925493060628,712.6
626,66.319128,0.897101533966399,712.6
627,66.258216,0.89627757487217,712.6
628,66.197304,0.89545361577794,712.6
629,66.136392,0.894629656683711,712.6
630,66.07548,0.893805697589481,712.6
631,66.051288,0.893478451424397,712.6
632,66.027096,0.893151205259313,712.6
633,66.002904,0.892823959094229,712.6
634,65.978712,0.892496712929145,712.6
635,65.95452,0.892169466764061,712.6
636,65.930328,0.891842220598977,712.6
637,65.906136,0.891514974433893,712.6
638,65.881944,0.891187728268809,712.6
639,65.857752,0.890860482103725,712.6
640,65.83356,0.890533235938641,712.6
641,65.680524,0.888463111760409,712.6
642,65.527488,0.886392987582177,712.6
643,65.374452,0.884322863403945,712.6
644,65.221416,0.882252739225712,712.6
645,65.06838,0.88018261504748,712.6
646,64.915344,0.878112490869248,712.6
647,64.762308,0.876042366691015,712.6
648,64.609272,0.873972242512783,712.6
649,64.456236,0.871902118334551,712.6
650,64.3032,0.869831994156319,712.6
651,64.246932,0.869070854638422,712.6
652,64.190664,0.868309715120526,712.6
653,64.134396,0.86754857560263,712.6
654,64.078128,0.866787436084734,712.6
655,64.02186,0.866026296566837,712.6
656,63.965592,0.865265157048941,712.6
657,63.909324,0.864504017531045,712.6
658,63.853056,0.863742878013148,712.6
659,63.796788,0.862981738495252,712.6
660,63.74052,0.862220598977356,712.6
661,63.700236,0.861675675675676,712.6
662,63.659952,0.861130752373996,712.6
663,63.619668,0.860585829072316,712.6
664,63.579384,0.860040905770635,712.6
665,63.5391,0.859495982468955,712.6
666,63.498816,0.858951059167275,712.6
667,63.458532,0.858406135865595,712.6
668,63.418248,0.857861212563915,712.6
669,63.377964,0.857316289262235,712.6
670,63.33768,0.856771365960555,712.6
671,63.274608,0.855918188458729,712.6
672,63.211536,0.855065010956903,712.6
673,63.148464,0.854211833455077,712.6
674,63.085392,0.85335865595325,712.6
675,63.02232,0.852505478451424,712.6
676,62.959248,0.851652300949598,712.6
677,62.896176,0.850799123447772,712.6
678,62.833104,0.849945945945946,712.6
679,62.770032,0.84909276844412,712.6
680,62.70696,0.848239590942294,712.6
681,62.59302,0.846698319941563,712.6
682,62.47908,0.845157048940833,712.6
683,62.36514,0.843615777940102,712.6
684,62.2512,0.842074506939372,712.6
685,62.13726,0.840533235938641,712.6
686,62.02332,0.838991964937911,712.6
687,61.90938,0.83745069393718,712.6
688,61.79544,0.83590942293645,712.6
689,61.6815,0.834368151935719,712.6
690,61.56756,0.832826880934989,712.6
691,61.149492,0.827171658144631,712.6
692,60.731424,0.821516435354273,712.6
693,60.313356,0.815861212563915,712.6
694,59.895288,0.810205989773557,712.6
695,59.47722,0.804550766983199,712.6
696,59.059152,0.798895544192841,712.6
697,58.641084,0.793240321402484,712.6
698,58.223016,0.787585098612126,712.6
699,57.804948,0.781929875821768,712.6
700,57.38688,0.77627465303141,712.6
701,56.273832,0.761218407596786,712.6
702,55.160784,0.746162162162162,712.6
703,54.047736,0.731105916727538,712.6
704,52.934688,0.716049671292914,712.6
705,51.82164,0.700993425858291,712.6
706,50.708592,0.685937180423667,712.6
707,49.595544,0.670880934989043,712.6
708,48.482496,0.655824689554419,712.6
709,47.369448,0.640768444119795,712.6
710,46.2564,0.625712198685172,712.6
711,44.451828,0.601301680058437,712.6
712,42.647256,0.576891161431702,712.6
713,40.842684,0.552480642804967,712.6
714,39.038112,0.528070124178232,712.6
715,37.23354,0.503659605551497,712.6
716,35.428968,0.479249086924763,712.6
717,33.624396,0.454838568298028,712.6
718,31.819824,0.430428049671293,712.6
719,30.015252,0.406017531044558,712.6
720,28.21068,0.381607012417823,712.6
721,26.69436,0.361095690284879,712.6
722,25.17804,0.340584368151936,712.6
723,23.66172,0.320073046018992,712.6
724,22.1454,0.299561723886048,712.6
725,20.62908,0.279050401753104,712.6
726,19.11276,0.258539079620161,712.6
727,17.59644,0.238027757487217,712.6
728,16.08012,0.217516435354273,712.6
729,14.5638,0.197005113221329,712.6
730,13.04748,0.176493791088386,712.6
731,12.2848056,0.166177063550037,712.6
732,11.5221312,0.155860336011687,712.6
733,10.7594568,0.145543608473338,712.6
734,9.9967824,0.135226880934989,712.6
735,9.234108,0.12491015339664,712.6
736,8.4714336,0.114593425858291,712.6
737,7.7087592,0.104276698319942,712.6
738,6.9460848,0.0939599707815924,712.6
739,6.1834104,0.0836432432432432,712.6
740,5.420736,0.0733265157048941,712.6
741,5.097708,0.0689569028487947,712.6
742,4.77468,0.0645872899926954,712.6
743,4.451652,0.0602176771365961,712.6
744,4.128624,0.0558480642804967,712.6
745,3.805596,0.0514784514243974,712.6
746,3.482568,0.047108838568298,712.6
747,3.15954,0.0427392257121987,712.6
748,2.836512,0.0383696128560993,712.6
749,2.513484,0.034,712.6
750,2.190456,0.0296303871439007,712.6
751,2.06112816,0.0278809642074507,712.6
752,1.93180032,0.0261315412710007,712.6
753,1.80247248,0.0243821183345508,712.6
754,1.67314464,0.0226326953981008,712.6
755,1.5438168,0.0208832724616508,712.6
756,1.41448896,0.0191338495252009,712.6
757,1.28516112,0.0173844265887509,712.6
758,1.15583328,0.0156350036523009,712.6
759,1.02650544,0.013885580715851,712.6
760,0.8971776,0.012136157779401,712.6
761,0.86670324,0.0117239298758218,712.6
762,0.83622888,0.0113117019722425,712.6
763,0.80575452,0.0108994740686633,712.6
764,0.77528016,0.010487246165084,712.6
765,0.7448058,0.0100750182615047,712.6
766,0.71433144,0.00966279035792549,712.6
767,0.68385708,0.00925056245434624,712.6
768,0.65338272,0.00883833455076698,712.6
769,0.62290836,0.00842610664718773,712.6
770,0.592434,0.00801387874360847,712.6
771,0.5508648,0.00745157048940833,712.6
772,0.5092956,0.00688926223520818,712.6
773,0.4677264,0.00632695398100803,712.6
774,0.4261572,0.00576464572680789,712.6
775,0.384588,0.00520233747260774,712.6
776,0.3430188,0.0046400292184076,712.6
777,0.3014496,0.00407772096420745,712.6
778,0.2598804,0.0035154127100073,712.6
779,0.2183112,0.00295310445580716,712.6
780,0.176742,0.00239079620160701,712.6
781,0.164943216,0.00223119357195033,712.6
782,0.153144432,0.00207159094229364,712.6
783,0.141345648,0.00191198831263696,712.6
784,0.129546864,0.00175238568298028,712.6
785,0.11774808,0.00159278305332359,712.6
786,0.105949296,0.00143318042366691,712.6
787,0.094150512,0.00127357779401023,712.6
788,0.082351728,0.00111397516435354,712.6
789,0.070552944,0.000954372534696859,712.6
790,0.05875416,0.000794769905040175,712.6
791,0.05874552,0.000794653031409788,712.6
792,0.05873688,0.000794536157779401,712.6
793,0.05872824,0.000794419284149014,712.6
794,0.0587196,0.000794302410518627,712.6
795,0.05871096,0.00079418553688824,712.6
796,0.05870232,0.000794068663257852,712.6
797,0.05869368,0.000793951789627465,712.6
798,0.05868504,0.000793834915997078,712.6
799,0.0586764,0.000793718042366691,712.6
800,0.05866776,0.000793601168736304,712.6
801,0.070385544,0.000952108108108108,712.6
802,0.082103328,0.00111061504747991,712.6
803,0.093821112,0.00126912198685172,712.6
804,0.105538896,0.00142762892622352,712.6
805,0.11725668,0.00158613586559532,712.6
806,0.128974464,0.00174464280496713,712.6
807,0.140692248,0.00190314974433893,712.6
808,0.152410032,0.00206165668371074,712.6
809,0.164127816,0.00222016362308254,712.6
810,0.1758456,0.00237867056245435,712.6
811,0.16985052,0.00229757487216947,712.6
812,0.16385544,0.00221647918188459,712.6
813,0.15786036,0.00213538349159971,712.6
814,0.15186528,0.00205428780131483,712.6
815,0.1458702,0.00197319211102995,712.6
816,0.13987512,0.00189209642074507,712.6
817,0.13388004,0.00181100073046019,712.6
818,0.12788496,0.00172990504017531,712.6
819,0.12188988,0.00164880934989043,712.6
820,0.1158948,0.00156771365960555,712.6
821,0.12179592,0.00164753834915997,712.6
822,0.12769704,0.00172736303871439,712.6
823,0.13359816,0.00180718772826881,712.6
824,0.13949928,0.00188701241782323,712.6
825,0.1454004,0.00196683710737765,712.6
826,0.15130152,0.00204666179693207,712.6
827,0.15720264,0.00212648648648649,712.6
828,0.16310376,0.00220631117604091,712.6
829,0.16900488,0.00228613586559532,712.6
830,0.174906,0.00236596055514974,712.6
831,0.17465652,0.00236258582907232,712.6
832,0.17440704,0.00235921110299489,712.6
833,0.17415756,0.00235583637691746,712.6
834,0.17390808,0.00235246165084003,712.6
835,0.1736586,0.0023490869247626,712.6
836,0.17340912,0.00234571219868517,712.6
837,0.17315964,0.00234233747260774,712.6
838,0.17291016,0.00233896274653031,712.6
839,0.17266068,0.00233558802045289,712.6
840,0.1724112,0.00233221329437546,712.6
841,0.17722692,0.00239735573411249,712.6
842,0.18204264,0.00246249817384953,712.6
843,0.18685836,0.00252764061358656,712.6
844,0.19167408,0.00259278305332359,712.6
845,0.1964898,0.00265792549306063,712.6
846,0.20130552,0.00272306793279766,712.6
847,0.20612124,0.0027882103725347,712.6
848,0.21093696,0.00285335281227173,712.6
849,0.21575268,0.00291849525200877,712.6
850,0.2205684,0.0029836376917458,712.6
851,0.21924,0.00296566837107378,712.6
852,0.2179116,0.00294769905040175,712.6
853,0.2165832,0.00292972972972973,712.6
854,0.2152548,0.00291176040905771,712.6
855,0.2139264,0.00289379108838568,712.6
856,0.212598,0.00287582176771366,712.6
857,0.2112696,0.00285785244704164,712.6
858,0.2099412,0.00283988312636961,712.6
859,0.2086128,0.00282191380569759,712.6
860,0.2072844,0.00280394448502557,712.6
861,0.20134332,0.00272357925493061,712.6
862,0.19540224,0.00264321402483565,712.6
863,0.18946116,0.00256284879474069,712.6
864,0.18352008,0.00248248356464573,712.6
865,0.177579,0.00240211833455077,712.6
866,0.17163792,0.00232175310445581,712.6
867,0.16569684,0.00224138787436085,712.6
868,0.15975576,0.00216102264426589,712.6
869,0.15381468,0.00208065741417093,712.6
870,0.1478736,0.00200029218407597,712.6
871,0.15116436,0.00204480642804967,712.6
872,0.15445512,0.00208932067202337,712.6
873,0.15774588,0.00213383491599708,712.6
874,0.16103664,0.00217834915997078,712.6
875,0.1643274,0.00222286340394448,712.6
876,0.16761816,0.00226737764791819,712.6
877,0.17090892,0.00231189189189189,712.6
878,0.17419968,0.0023564061358656,712.6
879,0.17749044,0.0024009203798393,712.6
880,0.1807812,0.002445434623813,712.6
881,0.17087112,0.00231138056975895,712.6
882,0.16096104,0.00217732651570489,712.6
883,0.15105096,0.00204327246165084,712.6
884,0.14114088,0.00190921840759679,712.6
885,0.1312308,0.00177516435354273,712.6
886,0.12132072,0.00164111029948868,712.6
887,0.11141064,0.00150705624543462,712.6
888,0.10150056,0.00137300219138057,712.6
889,0.09159048,0.00123894813732652,712.6
890,0.0816804,0.00110489408327246,712.6
891,0.080895996,0.00109428341855369,712.6
892,0.080111592,0.00108367275383492,712.6
893,0.079327188,0.00107306208911614,712.6
894,0.078542784,0.00106245142439737,712.6
895,0.07775838,0.0010518407596786,712.6
896,0.076973976,0.00104123009495982,712.6
897,0.076189572,0.00103061943024105,712.6
898,0.075405168,0.00102000876552228,712.6
899,0.074620764,0.00100939810080351,712.6
900,0.07383636,0.000998787436084733,712.6
901,0,0,712.6
902,0,0,712.6
903,0,0,712.6
904,0,0,712.6
905,0,0,712.6
906,0,0,712.6
907,0,0,712.6
908,0,0,712.6
909,0,0,712.6
910,0,0,712.6
911,0,0,712.6
912,0,0,712.6
913,0,0,712.6
914,0,0,712.6
915,0,0,712.6
916,0,0,712.6
917,0,0,712.6
918,0,0,712.6
919,0,0,712.6
920,0,0,712.6
921,0,0,712.6
922,0,0,712.6
923,0,0,712.6
924,0,0,712.6
925,0,0,712.6
926,0,0,712.6
927,0,0,712.6
928,0,0,712.6
929,0,0,712.6
930,0,0,712.6
931,0,0,712.6
932,0,0,712.6
933,0,0,712.6
934,0,0,712.6
935,0,0,712.6
936,0,0,712.6
937,0,0,712.6
938,0,0,712.6
939,0,0,712.6
940,0,0,712.6
941,0,0,712.6
942,0,0,712.6
943,0,0,712.6
944,0,0,712.6
945,0,0,712.6
946,0,0,712.6
947,0,0,712.6
948,0,0,712.6
949,0,0,712.6
950,0,0,712.6
951,0,0,712.6
952,0,0,712.6
953,0,0,712.6
954,0,0,712.6
955,0,0,712.6
956,0,0,712.6
957,0,0,712.6
958,0,0,712.6
959,0,0,712.6
960,0,0,712.6
961,0,0,712.6
962,0,0,712.6
963,0,0,712.6
964,0,0,712.6
965,0,0,712.6
966,0,0,712.6
967,0,0,712.6
968,0,0,712.6
969,0,0,712.6
970,0,0,712.6
971,0,0,712.6
972,0,0,712.6
973,0,0,712.6
974,0,0,712.6
975,0,0,712.6
976,0,0,712.6
977,0,0,712.6
978,0,0,712.6
979,0,0,712.6
980,0,0,712.6
981,0,0,712.6
982,0,0,712.6
983,0,0,712.6
984,0,0,712.6
985,0,0,712.6
986,0,0,712.6
987,0,0,712.6
988,0,0,712.6
989,0,0,712.6
990,0,0,712.6
991,0,0,712.6
992,0,0,712.6
993,0,0,712.6
994,0,0,712.6
995,0,0,712.6
996,0,0,712.6
997,0,0,712.6
998,0,0,712.6
999,0,0,712.6
1000,0,0,712.6
1001,0,0,712.6
1002,0,0,712.6
1003,0,0,712.6
1004,0,0,712.6
1005,0,0,712.6
1006,0,0,712.6
1007,0,0,712.6
1008,0,0,712.6
1009,0,0,712.6
1010,0,0,712.6
1011,0,0,712.6
1012,0,0,712.6
1013,0,0,712.6
1014,0,0,712.6
1015,0,0,712.6
1016,0,0,712.6
1017,0,0,712.6
1018,0,0,712.6
1019,0,0,712.6
1020,0,0,712.6
1021,0,0,712.6
1022,0,0,712.6
1023,0,0,712.6
1024,0,0,712.6
1025,0,0,712.6
1026,0,0,712.6
1027,0,0,712.6
1028,0,0,712.6
1029,0,0,712.6
1030,0,0,712.6
1031,0,0,712.6
1032,0,0,712.6
1033,0,0,712.6
1034,0,0,712.6
1035,0,0,712.6
1036,0,0,712.6
1037,0,0,712.6
1038,0,0,712.6
1039,0,0,712.6
1040,0,0,712.6
1041,0,0,712.6
1042,0,0,712.6
1043,0,0,712.6
1044,0,0,712.6
1045,0,0,712.6
1046,0,0,712.6
1047,0,0,712.6
1048,0,0,712.6
1049,0,0,712.6
1050,0,0,712.6
1051,0,0,712.6
1052,0,0,712.6
1053,0,0,712.6
1054,0,0,712.6
1055,0,0,712.6
1056,0,0,712.6
1057,0,0,712.6
1058,0,0,712.6
1059,0,0,712.6
1060,0,0,712.6
1061,0,0,712.6
1062,0,0,712.6
1063,0,0,712.6
1064,0,0,712.6
1065,0,0,712.6
1066,0,0,712.6
1067,0,0,712.6
1068,0,0,712.6
1069,0,0,712.6
1070,0,0,712.6
1071,0,0,712.6
1072,0,0,712.6
1073,0,0,712.6
1074,0,0,712.6
1075,0,0,712.6
1076,0,0,712.6
1077,0,0,712.6
1078,0,0,712.6
1079,0,0,712.6
1080,0,0,712.6
1081,0,0,712.6
1082,0,0,712.6
1083,0,0,712.6
1084,0,0,712.6
1085,0,0,712.6
1086,0,0,712.6
1087,0,0,712.6
1088,0,0,712.6
1089,0,0,712.6
1090,0,0,712.6
1091,0,0,712.6
1092,0,0,712.6
1093,0,0,712.6
1094,0,0,712.6
1095,0,0,712.6
1096,0,0,712.6
1097,0,0,712.6
1098,0,0,712.6
1099,0,0,712.6
1100,0,0,712.6
1101,0,0,712.6
1102,0,0,712.6
1103,0,0,712.6
1104,0,0,712.6
1105,0,0,712.6
1106,0,0,712.6
1107,0,0,712.6
1108,0,0,712.6
1109,0,0,712.6
1110,0,0,712.6
1111,0,0,712.6
1112,0,0,712.6
1113,0,0,712.6
1114,0,0,712.6
1115,0,0,712.6
1116,0,0,712.6
1117,0,0,712.6
1118,0,0,712.6
1119,0,0,712.6
1120,0,0,712.6
1121,0,0,712.6
1122,0,0,712.6
1123,0,0,712.6
1124,0,0,712.6
1125,0,0,712.6
1126,0,0,712.6
1127,0,0,712.6
1128,0,0,712.6
1129,0,0,712.6
1130,0,0,712.6
1131,0,0,712.6
1132,0,0,712.6
1133,0,0,712.6
1134,0,0,712.6
1135,0,0,712.6
1136,0,0,712.6
1137,0,0,712.6
1138,0,0,712.6
1139,0,0,712.6
1140,0,0,712.6
1141,0,0,712.6
1142,0,0,712.6
1143,0,0,712.6
1144,0,0,712.6
1145,0,0,712.6
1146,0,0,712.6
1147,0,0,712.6
1148,0,0,712.6
1149,0,0,712.6
1150,0,0,712.6
1151,0,0,712.6
1152,0,0,712.6
1153,0,0,712.6
1154,0,0,712.6
1155,0,0,712.6
1156,0,0,712.6
1157,0,0,712.6
1158,0,0,712.6
1159,0,0,712.6
1160,0,0,712.6
1161,0,0,712.6
1162,0,0,712.6
1163,0,0,712.6
1164,0,0,712.6
1165,0,0,712.6
1166,0,0,712.6
1167,0,0,712.6
1168,0,0,712.6
1169,0,0,712.6
1170,0,0,712.6
1171,0,0,712.6
1172,0,0,712.6
1173,0,0,712.6
1174,0,0,712.6
1175,0,0,712.6
1176,0,0,712.6
1177,0,0,712.6
1178,0,0,712.6
1179,0,0,712.6
1180,0,0,712.6
1181,0,0,712.6
1182,0,0,712.6
1183,0,0,712.6
1184,0,0,712.6
1185,0,0,712.6
1186,0,0,712.6
1187,0,0,712.6
1188,0,0,712.6
1189,0,0,712.6
1190,0,0,712.6
1191,0,0,712.6
1192,0,0,712.6
1193,0,0,712.6
1194,0,0,712.6
1195,0,0,712.6
1196,0,0,712.6
1197,0,0,712.6
1198,0,0,712.6
1199,0,0,712.6
1200,0,0,712.6
1201,0,0,712.6
1202,0,0,712.6
1203,0,0,712.6
1204,0,0,712.6
1205,0,0,712.6
1206,0,0,712.6
1207,0,0,712.6
1208,0,0,712.6
1209,0,0,712.6
1210,0,0,712.6
1211,0,0,712.6
1212,0,0,712.6
1213,0,0,712.6
1214,0,0,712.6
1215,0,0,712.6
1216,0,0,712.6
1217,0,0,712.6
1218,0,0,712.6
1219,0,0,712.6
1220,0,0,712.6
1221,0,0,712.6
1222,0,0,712.6
1223,0,0,712.6
1224,0,0,712.6
1225,0,0,712.6
1226,0,0,712.6
1227,0,0,712.6
1228,0,0,712.6
1229,0,0,712.6
1230,0,0,712.6
1231,0,0,712.6
1232,0,0,712.6
1233,0,0,712.6
1234,0,0,712.6
1235,0,0,712.6
1236,0,0,712.6
1237,0,0,712.6
1238,0,0,712.6
1239,0,0,712.6
1240,0,0,712.6
1241,0,0,712.6
1242,0,0,712.6
1243,0,0,712.6
1244,0,0,712.6
1245,0,0,712.6
1246,0,0,712.6
1247,0,0,712.6
1248,0,0,712.6
1249,0,0,712.6
1250,0,0,712.6
1251,0,0,712.6
1252,0,0,712.6
1253,0,0,712.6
1254,0,0,712.6
1255,0,0,712.6
1256,0,0,712.6
1257,0,0,712.6
1258,0,0,712.6
1259,0,0,712.6
1260,0,0,712.6
1261,0,0,712.6
1262,0,0,712.6
1263,0,0,712.6
1264,0,0,712.6
1265,0,0,712.6
1266,0,0,712.6
1267,0,0,712.6
1268,0,0,712.6
1269,0,0,712.6
1270,0,0,712.6
1271,0,0,712.6
1272,0,0,712.6
1273,0,0,712.6
1274,0,0,712.6
1275,0,0,712.6
1276,0,0,712.6
1277,0,0,712.6
1278,0,0,712.6
1279,0,0,712.6
1280,0,0,712.6
1281,0,0,712.6
1282,0,0,712.6
1283,0,0,712.6
1284,0,0,712.6
1285,0,0,712.6
1286,0,0,712.6
1287,0,0,712.6
1288,0,0,712.6
1289,0,0,712.6
1290,0,0,712.6
1291,0,0,712.6
1292,0,0,712.6
1293,0,0,712.6
1294,0,0,712.6
1295,0,0,712.6
1296,0,0,712.6
1297,0,0,712.6
1298,0,0,712.6
1299,0,0,712.6
1300,0,0,712.6
1301,0,0,712.6
1302,0,0,712.6
1303,0,0,712.6
1304,0,0,712.6
1305,0,0,712.6
1306,0,0,712.6
1307,0,0,712.6
1308,0,0,712.6
1309,0,0,712.6
1310,0,0,712.6
1311,0,0,712.6
1312,0,0,712.6
1313,0,0,712.6
1314,0,0,712.6
1315,0,0,712.6
1316,0,0,712.6
1317,0,0,712.6
1318,0,0,712.6
1319,0,0,712.6
1320,0,0,712.6
1321,0,0,712.6
1322,0,0,712.6
1323,0,0,712.6
1324,0,0,712.6
1325,0,0,712.6
1326,0,0,712.6
1327,0,0,712.6
1328,0,0,712.6
1329,0,0,712.6
1330,0,0,712.6
1331,0,0,712.6
1332,0,0,712.6
1333,0,0,712.6
1334,0,0,712.6
1335,0,0,712.6
1336,0,0,712.6
1337,0,0,712.6
1338,0,0,712.6
1339,0,0,712.6
1340,0,0,712.6
1341,0,0,712.6
1342,0,0,712.6
1343,0,0,712.6
1344,0,0,712.6
1345,0,0,712.6
1346,0,0,712.6
1347,0,0,712.6
1348,0,0,712.6
1349,0,0,712.6
1350,0,0,712.6
1351,0,0,712.6
1352,0,0,712.6
1353,0,0,712.6
1354,0,0,712.6
1355,0,0,712.6
1356,0,0,712.6
1357,0,0,712.6
1358,0,0,712.6
1359,0,0,712.6
1360,0,0,712.6
1361,0,0,712.6
1362,0,0,712.6
1363,0,0,712.6
1364,0,0,712.6
1365,0,0,712.6
1366,0,0,712.6
1367,0,0,712.6
1368,0,0,712.6
1369,0,0,712.6
1370,0,0,712.6
1371,0,0,712.6
1372,0,0,712.6
1373,0,0,712.6
1374,0,0,712.6
1375,0,0,712.6
1376,0,0,712.6
1377,0,0,712.6
1378,0,0,712.6
1379,0,0,712.6
1380,0,0,712.6
1381,0,0,712.6
1382,0,0,712.6
1383,0,0,712.6
1384,0,0,712.6
1385,0,0,712.6
1386,0,0,712.6
1387,0,0,712.6
1388,0,0,712.6
1389,0,0,712.6
1390,0,0,712.6
1391,0,0,712.6
1392,0,0,712.6
1393,0,0,712.6
1394,0,0,712.6
1395,0,0,712.6
1396,0,0,712.6
1397,0,0,712.6
1398,0,0,712.6
1399,0,0,712.6
1400,0,0,712.6
1401,0,0,712.6
1402,0,0,712.6
1403,0,0,712.6
1404,0,0,712.6
1405,0,0,712.6
1406,0,0,712.6
1407,0,0,712.6
1408,0,0,712.6
1409,0,0,712.6
1410,0,0,712.6
1411,0,0,712.6
1412,0,0,712.6
1413,0,0,712.6
1414,0,0,712.6
1415,0,0,712.6
1416,0,0,712.6
1417,0,0,712.6
1418,0,0,712.6
1419,0,0,712.6
1420,0,0,712.6
1421,0,0,712.6
1422,0,0,712.6
1423,0,0,712.6
1424,0,0,712.6
1425,0,0,712.6
1426,0,0,712.6
1427,0,0,712.6
1428,0,0,712.6
1429,0,0,712.6
1430,0,0,712.6
1431,0,0,712.6
1432,0,0,712.6
1433,0,0,712.6
1434,0,0,712.6
1435,0,0,712.6
1436,0,0,712.6
1437,0,0,712.6
1438,0,0,712.6
1439,0,0,712.6
1440,0,0,712.6
1441,0,0,712.6
1442,0,0,712.6
1443,0,0,712.6
1444,0,0,712.6
1445,0,0,712.6
1446,0,0,712.6
1447,0,0,712.6
1448,0,0,712.6
1449,0,0,712.6
1450,0,0,712.6
1451,0,0,712.6
1452,0,0,712.6
1453,0,0,712.6
1454,0,0,712.6
1455,0,0,712.6
1456,0,0,712.6
1457,0,0,712.6
1458,0,0,712.6
1459,0,0,712.6
1460,0,0,712.6
1461,0,0,712.6
1462,0,0,712.6
1463,0,0,712.6
1464,0,0,712.6
1465,0,0,712.6
1466,0,0,712.6
1467,0,0,712.6
1468,0,0,712.6
1469,0,0,712.6
1470,0,0,712.6
1471,0,0,712.6
1472,0,0,712.6
1473,0,0,712.6
1474,0,0,712.6
1475,0,0,712.6
1476,0,0,712.6
1477,0,0,712.6
1478,0,0,712.6
1479,0,0,712.6
1480,0,0,712.6
1481,0,0,712.6
1482,0,0,712.6
1483,0,0,712.6
1484,0,0,712.6
1485,0,0,712.6
1486,0,0,712.6
1487,0,0,712.6
1488,0,0,712.6
1489,0,0,712.6
1490,0,0,712.6
1491,0,0,712.6
1492,0,0,712.6
1493,0,0,712.6
1494,0,0,712.6
1495,0,0,712.6
1496,0,0,712.6
1497,0,0,712.6
1498,0,0,712.6
1499,0,0,712.6
1500,0,0,712.6
1501,0,0,712.6
1502,0,0,712.6
1503,0,0,712.6
1504,0,0,712.6
1505,0,0,712.6
1506,0,0,712.6
1507,0,0,712.6
1508,0,0,712.6
1509,0,0,712.6
1510,0,0,712.6
1511,0,0,712.6
1512,0,0,712.6
1513,0,0,712.6
1514,0,0,712.6
1515,0,0,712.6
1516,0,0,712.6
1517,0,0,712.6
1518,0,0,712.6
1519,0,0,712.6
1520,0,0,712.6
1521,0,0,712.6
1522,0,0,712.6
1523,0,0,712.6
1524,0,0,712.6
1525,0,0,712.6
1526,0,0,712.6
1527,0,0,712.6
1528,0,0,712.6
1529,0,0,712.6
1530,0,0,712.6
1531,0,0,712.6
1532,0,0,712.6
1533,0,0,712.6
1534,0,0,712.6
1535,0,0,712.6
1536,0,0,712.6
1537,0,0,712.6
1538,0,0,712.6
1539,0,0,712.6
1540,0,0,712.6
1541,0,0,712.6
1542,0,0,712.6
1543,0,0,712.6
1544,0,0,712.6
1545,0,0,712.6
1546,0,0,712.6
1547,0,0,712.6
1548,0,0,712.6
1549,0,0,712.6
1550,0,0,712.6
1551,0,0,712.6
1552,0,0,712.6
1553,0,0,712.6
1554,0,0,712.6
1555,0,0,712.6
1556,0,0,712.6
1557,0,0,712.6
1558,0,0,712.6
1559,0,0,712.6
1560,0,0,712.6
1561,0,0,712.6
1562,0,0,712.6
1563,0,0,712.6
1564,0,0,712.6
1565,0,0,712.6
1566,0,0,712.6
1567,0,0,712.6
1568,0,0,712.6
1569,0,0,712.6
1570,0,0,712.6
1571,0,0,712.6
1572,0,0,712.6
1573,0,0,712.6
1574,0,0,712.6
1575,0,0,712.6
1576,0,0,712.6
1577,0,0,712.6
1578,0,0,712.6
1579,0,0,712.6
1580,0,0,712.6
1581,0,0,712.6
1582,0,0,712.6
1583,0,0,712.6
1584,0,0,712.6
1585,0,0,712.6
1586,0,0,712.6
1587,0,0,712.6
1588,0,0,712.6
1589,0,0,712.6
1590,0,0,712.6
1591,0,0,712.6
1592,0,0,712.6
1593,0,0,712.6
1594,0,0,712.6
1595,0,0,712.6
1596,0,0,712.6
1597,0,0,712.6
1598,0,0,712.6
1599,0,0,712.6
1600,0,0,712.6
1601,0,0,712.6
1602,0,0,712.6
1603,0,0,712.6
1604,0,0,712.6
1605,0,0,712.6
1606,0,0,712.6
1607,0,0,712.6
1608,0,0,712.6
1609,0,0,712.6
1610,0,0,712.6
1611,0,0,712.6
1612,0,0,712.6
1613,0,0,712.6
1614,0,0,712.6
1615,0,0,712.6
1616,0,0,712.6
1617,0,0,712.6
1618,0,0,712.6
1619,0,0,712.6
1620,0,0,712.6
1621,0,0,712.6
1622,0,0,712.6
1623,0,0,712.6
1624,0,0,712.6
1625,0,0,712.6
1626,0,0,712.6
1627,0,0,712.6
1628,0,0,712.6
1629,0,0,712.6
1630,0,0,712.6
1631,0,0,712.6
1632,0,0,712.6
1633,0,0,712.6
1634,0,0,712.6
1635,0,0,712.6
1636,0,0,712.6
1637,0,0,712.6
1638,0,0,712.6
1639,0,0,712.6
1640,0,0,712.6
1641,0,0,712.6
1642,0,0,712.6
1643,0,0,712.6
1644,0,0,712.6
1645,0,0,712.6
1646,0,0,712.6
1647,0,0,712.6
1648,0,0,712.6
1649,0,0,712.6
1650,0,0,712.6
1651,0,0,712.6
1652,0,0,712.6
1653,0,0,712.6
1654,0,0,712.6
1655,0,0,712.6
1656,0,0,712.6
1657,0,0,712.6
1658,0,0,712.6
1659,0,0,712.6
1660,0,0,712.6
1661,0,0,712.6
1662,0,0,712.6
1663,0,0,712.6
1664,0,0,712.6
1665,0,0,712.6
1666,0,0,712.6
1667,0,0,712.6
1668,0,0,712.6
1669,0,0,712.6
1670,0,0,712.6
1671,0,0,712.6
1672,0,0,712.6
1673,0,0,712.6
1674,0,0,712.6
1675,0,0,712.6
1676,0,0,712.6
1677,0,0,712.6
1678,0,0,712.6
1679,0,0,712.6
1680,0,0,712.6
1681,0,0,712.6
1682,0,0,712.6
1683,0,0,712.6
1684,0,0,712.6
1685,0,0,712.6
1686,0,0,712.6
1687,0,0,712.6
1688,0,0,712.6
1689,0,0,712.6
1690,0,0,712.6
1691,0,0,712.6
1692,0,0,712.6
1693,0,0,712.6
1694,0,0,712.6
1695,0,0,712.6
1696,0,0,712.6
1697,0,0,712.6
1698,0,0,712.6
1699,0,0,712.6
1700,0,0,712.6
1702,0,0,712.6
1705,0,0,712.6
1710,0,0,712.6
1715,0,0,712.6
1720,0,0,712.6
1725,0,0,712.6
1730,0,0,712.6
1735,0,0,712.6
1740,0,0,712.6
1745,0,0,712.6
1750,0,0,712.6
1755,0,0,712.6
1760,0,0,712.6
1765,0,0,712.6
1770,0,0,712.6
1775,0,0,712.6
1780,0,0,712.6
1785,0,0,712.6
1790,0,0,712.6
1795,0,0,712.6
1800,0,0,712.6
1805,0,0,712.6
1810,0,0,712.6
1815,0,0,712.6
1820,0,0,712.6
1825,0,0,712.6
1830,0,0,712.6
1835,0,0,712.6
1840,0,0,712.6
1845,0,0,712.6
1850,0,0,712.6
1855,0,0,712.6
1860,0,0,712.6
1865,0,0,712.6
1870,0,0,712.6
1875,0,0,712.6
1880,0,0,712.6
1885,0,0,712.6
1890,0,0,712.6
1895,0,0,712.6
1900,0,0,712.6
1905,0,0,712.6
1910,0,0,712.6
1915,0,0,712.6
1920,0,0,712.6
1925,0,0,712.6
1930,0,0,712.6
1935,0,0,712.6
1940,0,0,712.6
1945,0,0,712.6
1950,0,0,712.6
1955,0,0,712.6
1960,0,0,712.6
1965,0,0,712.6
1970,0,0,712.6
1975,0,0,712.6
1980,0,0,712.6
1985,0,0,712.6
1990,0,0,712.6
1995,0,0,712.6
2000,0,0,712.6
2005,0,0,712.6
2010,0,0,712.6
2015,0,0,712.6
2020,0,0,712.6
2025,0,0,712.6
2030,0,0,712.6
2035,0,0,712.6
2040,0,0,712.6
2045,0,0,712.6
2050,0,0,712.6
2055,0,0,712.6
2060,0,0,712.6
2065,0,0,712.6
2070,0,0,712.6
2075,0,0,712.6
2080,0,0,712.6
2085,0,0,712.6
2090,0,0,712.6
2095,0,0,712.6
2100,0,0,712.6
2105,0,0,712.6
2110,0,0,712.6
2115,0,0,712.6
2120,0,0,712.6
2125,0,0,712.6
2130,0,0,712.6
2135,0,0,712.6
2140,0,0,712.6
2145,0,0,712.6
2150,0,0,712.6
2155,0,0,712.6
2160,0,0,712.6
2165,0,0,712.6
2170,0,0,712.6
2175,0,0,712.6
2180,0,0,712.6
2185,0,0,712.6
2190,0,0,712.6
2195,0,0,712.6
2200,0,0,712.6
2205,0,0,712.6
2210,0,0,712.6
2215,0,0,712.6
2220,0,0,712.6
2225,0,0,712.6
2230,0,0,712.6
2235,0,0,712.6
2240,0,0,712.6
2245,0,0,712.6
2250,0,0,712.6
2255,0,0,712.6
2260,0,0,712.6
2265,0,0,712.6
2270,0,0,712.6
2275,0,0,712.6
2280,0,0,712.6
2285,0,0,712.6
2290,0,0,712.6
2295,0,0,712.6
2300,0,0,712.6
2305,0,0,712.6
2310,0,0,712.6
2315,0,0,712.6
2320,0,0,712.6
2325,0,0,712.6
2330,0,0,712.6
2335,0,0,712.6
2340,0,0,712.6
2345,0,0,712.6
2350,0,0,712.6
2355,0,0,712.6
2360,0,0,712.6
2365,0,0,712.6
2370,0,0,712.6
2375,0,0,712.6
2380,0,0,712.6
2385,0,0,712.6
2390,0,0,712.6
2395,0,0,712.6
2400,0,0,712.6
2405,0,0,712.6
2410,0,0,712.6
2415,0,0,712.6
2420,0,0,712.6
2425,0,0,712.6
2430,0,0,712.6
2435,0,0,712.6
2440,0,0,712.6
2445,0,0,712.6
2450,0,0,712.6
2455,0,0,712.6
2460,0,0,712.6
2465,0,0,712.6
2470,0,0,712.6
2475,0,0,712.6
2480,0,0,712.6
2485,0,0,712.6
2490,0,0,712.6
2495,0,0,712.6
2500,0,0,712.6
2505,0,0,712.6
2510,0,0,712.6
2515,0,0,712.6
2520,0,0,712.6
2525,0,0,712.6
2530,0,0,712.6
2535,0,0,712.6
2540,0,0,712.6
2545,0,0,712.6
2550,0,0,712.6
2555,0,0,712.6
2560,0,0,712.6
2565,0,0,712.6
2570,0,0,712.6
2575,0,0,712.6
2580,0,0,712.6
2585,0,0,712.6
2590,0,0,712.6
2595,0,0,712.6
2600,0,0,712.6
2605,0,0,712.6
2610,0,0,712.6
2615,0,0,712.6
2620,0,0,712.6
2625,0,0,712.6
2630,0,0,712.6
2635,0,0,712.6
2640,0,0,712.6
2645,0,0,712.6
2650,0,0,712.6
2655,0,0,712.6
2660,0,0,712.6
2665,0,0,712.6
2670,0,0,712.6
2675,0,0,712.6
2680,0,0,712.6
2685,0,0,712.6
2690,0,0,712.6
2695,0,0,712.6
2700,0,0,712.6
2705,0,0,712.6
2710,0,0,712.6
2715,0,0,712.6
2720,0,0,712.6
2725,0,0,712.6
2730,0,0,712.6
2735,0,0,712.6
2740,0,0,712.6
2745,0,0,712.6
2750,0,0,712.6
2755,0,0,712.6
2760,0,0,712.6
2765,0,0,712.6
2770,0,0,712.6
2775,0,0,712.6
2780,0,0,712.6
2785,0,0,712.6
2790,0,0,712.6
2795,0,0,712.6
2800,0,0,712.6
2805,0,0,712.6
2810,0,0,712.6
2815,0,0,712.6
2820,0,0,712.6
2825,0,0,712.6
2830,0,0,712.6
2835,0,0,712.6
2840,0,0,712.6
2845,0,0,712.6
2850,0,0,712.6
2855,0,0,712.6
2860,0,0,712.6
2865,0,0,712.6
2870,0,0,712.6
2875,0,0,712.6
2880,0,0,712.6
2885,0,0,712.6
2890,0,0,712.6
2895,0,0,712.6
2900,0,0,712.6
2905,0,0,712.6
2910,0,0,712.6
2915,0,0,712.6
2920,0,0,712.6
2925,0,0,712.6
2930,0,0,712.6
2935,0,0,712.6
2940,0,0,712.6
2945,0,0,712.6
2950,0,0,712.6
2955,0,0,712.6
2960,0,0,712.6
2965,0,0,712.6
2970,0,0,712.6
2975,0,0,712.6
2980,0,0,712.6
2985,0,0,712.6
2990,0,0,712.6
2995,0,0,712.6
3000,0,0,712.6
3005,0,0,712.6
3010,0,0,712.6
3015,0,0,712.6
3020,0,0,712.6
3025,0,0,712.6
3030,0,0,712.6
3035,0,0,712.6
3040,0,0,712.6
3045,0,0,712.6
3050,0,0,712.6
3055,0,0,712.6
3060,0,0,712.6
3065,0,0,712.6
3070,0,0,712.6
3075,0,0,712.6
3080,0,0,712.6
3085,0,0,712.6
3090,0,0,712.6
3095,0,0,712.6
3100,0,0,712.6
3105,0,0,712.6
3110,0,0,712.6
3115,0,0,712.6
3120,0,0,712.6
3125,0,0,712.6
3130,0,0,712.6
3135,0,0,712.6
3140,0,0,712.6
3145,0,0,712.6
3150,0,0,712.6
3155,0,0,712.6
3160,0,0,712.6
3165,0,0,712.6
3170,0,0,712.6
3175,0,0,712.6
3180,0,0,712.6
3185,0,0,712.6
3190,0,0,712.6
3195,0,0,712.6
3200,0,0,712.6
3205,0,0,712.6
3210,0,0,712.6
3215,0,0,712.6
3220,0,0,712.6
3225,0,0,712.6
3230,0,0,712.6
3235,0,0,712.6
3240,0,0,712.6
3245,0,0,712.6
3250,0,0,712.6
3255,0,0,712.6
3260,0,0,712.6
3265,0,0,712.6
3270,0,0,712.6
3275,0,0,712.6
3280,0,0,712.6
3285,0,0,712.6
3290,0,0,712.6
3295,0,0,712.6
3300,0,0,712.6
3305,0,0,712.6
3310,0,0,712.6
3315,0,0,712.6
3320,0,0,712.6
3325,0,0,712.6
3330,0,0,712.6
3335,0,0,712.6
3340,0,0,712.6
3345,0,0,712.6
3350,0,0,712.6
3355,0,0,712.6
3360,0,0,712.6
3365,0,0,712.6
3370,0,0,712.6
3375,0,0,712.6
3380,0,0,712.6
3385,0,0,712.6
3390,0,0,712.6
3395,0,0,712.6
3400,0,0,712.6
3405,0,0,712.6
3410,0,0,712.6
3415,0,0,712.6
3420,0,0,712.6
3425,0,0,712.6
3430,0,0,712.6
3435,0,0,712.6
3440,0,0,712.6
3445,0,0,712.6
3450,0,0,712.6
3455,0,0,712.6
3460,0,0,712.6
3465,0,0,712.6
3470,0,0,712.6
3475,0,0,712.6
3480,0,0,712.6
3485,0,0,712.6
3490,0,0,712.6
3495,0,0,712.6
3500,0,0,712.6
3505,0,0,712.6
3510,0,0,712.6
3515,0,0,712.6
3520,0,0,712.6
3525,0,0,712.6
3530,0,0,712.6
3535,0,0,712.6
3540,0,0,712.6
3545,0,0,712.6
3550,0,0,712.6
3555,0,0,712.6
3560,0,0,712.6
3565,0,0,712.6
3570,0,0,712.6
3575,0,0,712.6
3580,0,0,712.6
3585,0,0,712.6
3590,0,0,712.6
3595,0,0,712.6
3600,0,0,712.6
3605,0,0,712.6
3610,0,0,712.6
3615,0,0,712.6
3620,0,0,712.6
3625,0,0,712.6
3630,0,0,712.6
3635,0,0,712.6
3640,0,0,712.6
3645,0,0,712.6
3650,0,0,712.6
3655,0,0,712.6
3660,0,0,712.6
3665,0,0,712.6
3670,0,0,712.6
3675,0,0,712.6
3680,0,0,712.6
3685,0,0,712.6
3690,0,0,712.6
3695,0,0,712.6
3700,0,0,712.6
3705,0,0,712.6
3710,0,0,712.6
3715,0,0,712.6
3720,0,0,712.6
3725,0,0,712.6
3730,0,0,712.6
3735,0,0,712.6
3740,0,0,712.6
3745,0,0,712.6
3750,0,0,712.6
3755,0,0,712.6
3760,0,0,712.6
3765,0,0,712.6
3770,0,0,712.6
3775,0,0,712.6
3780,0,0,712.6
3785,0,0,712.6
3790,0,0,712.6
3795,0,0,712.6
3800,0,0,712.6
3805,0,0,712.6
3810,0,0,712.6
3815,0,0,712.6
3820,0,0,712.6
3825,0,0,712.6
3830,0,0,712.6
3835,0,0,712.6
3840,0,0,712.6
3845,0,0,712.6
3850,0,0,712.6
3855,0,0,712.6
3860,0,0,712.6
3865,0,0,712.6
3870,0,0,712.6
3875,0,0,712.6
3880,0,0,712.6
3885,0,0,712.6
3890,0,0,712.6
3895,0,0,712.6
3900,0,0,712.6
3905,0,0,712.6
3910,0,0,712.6
3915,0,0,712.6
3920,0,0,712.6
3925,0,0,712.6
3930,0,0,712.6
3935,0,0,712.6
3940,0,0,712.6
3945,0,0,712.6
3950,0,0,712.6
3955,0,0,712.6
3960,0,0,712.6
3965,0,0,712.6
3970,0,0,712.6
3975,0,0,712.6
3980,0,0,712.6
3985,0,0,712.6
3990,0,0,712.6
3995,0,0,712.6
4000,0,0,712.6
