w	LED Ding
300	3.8382E-4
301	3.95164E-4
302	3.19535E-4
303	3.57349E-4
304	3.68694E-4
305	3.28988E-4
306	4.04618E-4
307	3.87601E-4
308	3.72475E-4
309	3.27098E-4
310	3.5924E-4
311	3.40333E-4
312	3.23316E-4
313	3.8382E-4
314	3.21425E-4
315	3.74366E-4
316	3.61131E-4
317	3.40333E-4
318	3.70585E-4
319	3.98946E-4
320	3.76257E-4
321	3.11972E-4
322	4.02727E-4
323	3.63022E-4
324	3.68694E-4
325	4.14072E-4
326	3.95164E-4
327	3.38442E-4
328	3.64912E-4
329	4.19744E-4
330	3.34661E-4
331	3.80038E-4
332	3.85711E-4
333	3.66803E-4
334	3.36551E-4
335	3.97055E-4
336	3.5924E-4
337	3.68694E-4
338	3.95164E-4
339	3.76257E-4
340	4.14072E-4
341	3.11972E-4
342	3.70585E-4
343	4.00836E-4
344	3.80038E-4
345	4.44323E-4
346	3.68694E-4
347	3.74366E-4
348	3.89492E-4
349	4.38651E-4
350	4.14072E-4
351	3.95164E-4
352	3.91383E-4
353	4.17853E-4
354	3.93274E-4
355	3.30879E-4
356	4.21635E-4
357	3.63022E-4
358	4.15962E-4
359	4.19744E-4
360	4.23525E-4
361	3.72475E-4
362	4.27307E-4
363	4.1029E-4
364	4.25416E-4
365	4.57559E-4
366	3.81929E-4
367	4.23525E-4
368	4.04618E-4
369	3.91383E-4
370	3.89492E-4
371	3.49787E-4
372	4.19744E-4
373	3.89492E-4
374	4.1029E-4
375	4.06509E-4
376	4.68903E-4
377	4.63231E-4
378	3.98946E-4
379	4.21635E-4
380	4.3676E-4
381	4.65122E-4
382	4.93483E-4
383	4.72685E-4
384	4.6134E-4
385	4.76466E-4
386	4.84029E-4
387	5.08609E-4
388	5.16171E-4
389	4.84029E-4
390	5.82347E-4
391	5.46423E-4
392	5.31297E-4
393	5.01046E-4
394	5.18062E-4
395	4.91592E-4
396	4.78357E-4
397	6.01255E-4
398	5.74784E-4
399	6.73103E-4
400	6.37179E-4
401	7.31716E-4
402	7.37388E-4
403	8.56504E-4
404	8.88647E-4
405	0.00114
406	0.00129
407	0.00156
408	0.00209
409	0.00266
410	0.00349
411	0.00448
412	0.0059
413	0.00779
414	0.00982
415	0.01261
416	0.01549
417	0.0191
418	0.02296
419	0.02763
420	0.03265
421	0.03898
422	0.04505
423	0.05255
424	0.06102
425	0.0704
426	0.08202
427	0.09454
428	0.10908
429	0.12531
430	0.14264
431	0.16238
432	0.18604
433	0.20949
434	0.23833
435	0.26801
436	0.30473
437	0.33989
438	0.38527
439	0.43181
440	0.48494
441	0.54265
442	0.60697
443	0.67252
444	0.7428
445	0.80939
446	0.87455
447	0.92837
448	0.96942
449	0.99395
450	1
451	0.98168
452	0.94847
453	0.89363
454	0.83408
455	0.76523
456	0.70581
457	0.6428
458	0.58931
459	0.54688
460	0.50727
461	0.47725
462	0.45018
463	0.4269
464	0.40415
465	0.37923
466	0.35853
467	0.33242
468	0.31107
469	0.2882
470	0.26977
471	0.25197
472	0.23745
473	0.22606
474	0.2166
475	0.21224
476	0.20623
477	0.20391
478	0.20318
479	0.20268
480	0.20385
481	0.2043
482	0.20638
483	0.20886
484	0.21207
485	0.21529
486	0.21775
487	0.22248
488	0.22663
489	0.23186
490	0.23818
491	0.24334
492	0.25134
493	0.2583
494	0.26488
495	0.27175
496	0.27691
497	0.28714
498	0.29392
499	0.30242
500	0.30725
501	0.31435
502	0.32037
503	0.32713
504	0.33078
505	0.33696
506	0.34096
507	0.34673
508	0.35172
509	0.35446
510	0.35624
511	0.35827
512	0.3613
513	0.36353
514	0.36487
515	0.36572
516	0.36537
517	0.36629
518	0.36844
519	0.36546
520	0.36737
521	0.36419
522	0.36213
523	0.36185
524	0.36045
525	0.35981
526	0.35888
527	0.35549
528	0.35433
529	0.35338
530	0.35047
531	0.34927
532	0.3464
533	0.34426
534	0.34314
535	0.34047
536	0.33918
537	0.33889
538	0.33427
539	0.33284
540	0.33196
541	0.3277
542	0.32918
543	0.32413
544	0.32139
545	0.32106
546	0.31825
547	0.3156
548	0.31364
549	0.31164
550	0.31022
551	0.30706
552	0.30467
553	0.30329
554	0.29865
555	0.2981
556	0.29497
557	0.29202
558	0.29087
559	0.2858
560	0.28478
561	0.28199
562	0.27886
563	0.27675
564	0.27173
565	0.27155
566	0.26799
567	0.2655
568	0.26249
569	0.25921
570	0.25725
571	0.25389
572	0.25126
573	0.24796
574	0.24377
575	0.24095
576	0.23901
577	0.23565
578	0.23293
579	0.23113
580	0.22752
581	0.22542
582	0.22193
583	0.22009
584	0.21641
585	0.21285
586	0.21112
587	0.2091
588	0.20642
589	0.203
590	0.20076
591	0.19866
592	0.19463
593	0.19276
594	0.18942
595	0.18662
596	0.18477
597	0.18078
598	0.17889
599	0.17604
600	0.17281
601	0.16958
602	0.16844
603	0.16431
604	0.16163
605	0.15802
606	0.15628
607	0.15251
608	0.14934
609	0.14781
610	0.14308
611	0.14082
612	0.13743
613	0.13614
614	0.13147
615	0.12992
616	0.12549
617	0.12261
618	0.12028
619	0.11708
620	0.11367
621	0.11029
622	0.10811
623	0.10438
624	0.10185
625	0.09909
626	0.09541
627	0.09325
628	0.08991
629	0.08674
630	0.08386
631	0.0826
632	0.07891
633	0.07716
634	0.07415
635	0.07174
636	0.06932
637	0.06683
638	0.06508
639	0.06293
640	0.06034
641	0.05805
642	0.05631
643	0.05426
644	0.05273
645	0.05108
646	0.04884
647	0.04721
648	0.04601
649	0.04515
650	0.04362
651	0.04252
652	0.04171
653	0.04093
654	0.0392
655	0.03819
656	0.03722
657	0.03581
658	0.03506
659	0.03328
660	0.03247
661	0.03161
662	0.03029
663	0.02921
664	0.02822
665	0.02698
666	0.02609
667	0.02477
668	0.02424
669	0.02327
670	0.02227
671	0.02151
672	0.02065
673	0.01976
674	0.01895
675	0.01806
676	0.01721
677	0.01624
678	0.01578
679	0.01484
680	0.01411
681	0.01353
682	0.01278
683	0.01234
684	0.01164
685	0.01137
686	0.01081
687	0.01028
688	0.00978
689	0.00962
690	0.00908
691	0.0086
692	0.00811
693	0.00798
694	0.00756
695	0.0073
696	0.00695
697	0.00643
698	0.00638
699	0.00611
700	0.00582
701	0.00557
702	0.00525
703	0.00497
704	0.00483
705	0.00475
706	0.00447
707	0.00413
708	0.00395
709	0.0038
710	0.00369
711	0.00351
712	0.00326
713	0.00317
714	0.00294
715	0.00305
716	0.0029
717	0.00279
718	0.00261
719	0.0024
720	0.00252
721	0.00231
722	0.00209
723	0.00212
724	0.002
725	0.00192
726	0.00172
727	0.00168
728	0.00159
729	0.00159
730	0.00154
731	0.00149
732	0.00138
733	0.00134
734	0.00126
735	0.00124
736	0.00116
737	0.00108
738	0.00112
739	0.00104
740	0.00102
741	0.00102
742	9.96419E-4
743	9.17008E-4
744	7.99782E-4
745	7.82766E-4
746	8.07345E-4
747	7.80875E-4
748	7.58186E-4
749	8.56504E-4
750	6.95792E-4
751	6.48523E-4
752	6.84447E-4
753	6.05036E-4
754	5.99364E-4
755	6.44742E-4
756	5.50205E-4
757	5.71003E-4
758	5.48314E-4
759	5.61549E-4
760	6.39069E-4
761	4.80247E-4
762	5.29407E-4
763	5.31297E-4
764	4.97264E-4
765	5.19953E-4
766	4.63231E-4
767	4.46214E-4
768	4.89701E-4
769	4.15962E-4
770	4.40542E-4
771	4.48105E-4
772	3.98946E-4
773	4.25416E-4
774	3.74366E-4
775	3.57349E-4
776	3.70585E-4
777	3.44114E-4
778	3.21425E-4
779	3.97055E-4
780	3.70585E-4
781	3.47896E-4
782	3.55459E-4
783	3.46005E-4
784	3.04409E-4
785	3.63022E-4
786	3.28988E-4
787	3.063E-4
788	3.13863E-4
789	2.87392E-4
790	2.96846E-4
791	2.5714E-4
792	2.76048E-4
793	2.62813E-4
794	2.96846E-4
795	2.76048E-4
796	2.98737E-4
797	2.5525E-4
798	2.77938E-4
799	2.93064E-4
800	2.40124E-4
801	2.51468E-4
802	2.85501E-4
803	2.85501E-4
804	3.13863E-4
805	2.49577E-4
806	2.94955E-4
807	2.94955E-4
808	2.98737E-4
809	2.70376E-4
810	2.47687E-4
811	2.77938E-4
812	2.68485E-4
813	3.17644E-4
814	2.83611E-4
815	2.79829E-4
816	3.02518E-4
817	2.66594E-4
818	2.85501E-4
819	3.13863E-4
820	2.77938E-4
821	3.57349E-4
822	3.15753E-4
823	3.25207E-4
824	3.68694E-4
825	3.98946E-4
826	4.42433E-4
827	4.49996E-4
828	5.42642E-4
829	5.72894E-4
830	5.8802E-4
831	6.56086E-4
832	6.54195E-4
833	7.88438E-4
834	7.14699E-4
835	9.30243E-4
836	8.28143E-4
837	9.43478E-4
838	0.00114
839	0.00109
840	0.00119
841	0.00117
842	0.00122
843	0.00135
844	0.00145
845	0.00162
846	0.00171
847	0.00165
848	0.00194
849	0.00188
850	0.0021
851	0.00217
852	0.00223
853	0.00243
854	0.00247
855	0.00271
856	0.00278
857	0.00283
858	0.00297
859	0.00323
860	0.00348
861	0.00374
862	0.00378
863	0.00399
864	0.00431
865	0.00444
866	4.65122E-4
867	4.81949E-4
868	5.11823E-4
869	5.32999E-4
870	5.7365E-4
871	6.04091E-4
872	6.11465E-4
873	6.57977E-4
874	6.95603E-4
875	7.45707E-4
876	7.73879E-4
877	7.8995E-4
878	8.39677E-4
879	8.92239E-4
880	9.27974E-4
881	9.92259E-4
882	0.00102
883	0.00109
884	0.00114
885	0.0012
886	0.00124
887	0.00128
888	0.00131
889	0.00138
890	0.0014
891	0.00147
892	0.00151
893	0.00121
894	0.00109
895	0.00113
896	5.6E-4
897	1.7E-4
898	4.5E-4
899	2.3E-4
900	3.6E-4
