w	LED 2700 K	w	LED 4100 K			
299	0.00338135250209628	299.357513427734	-0.00602268474176526			
300	0.0035552844744566	300.172668457031	-0.00586400553584099			
301	0.0031681806174381	300.987823486328	-0.00286343647167087			
302	0.00249555232830019	301.802978515625	0.0112167978659272			
303	0.00247988437672799	302.618133544922	1.01386876324994E-11			
304	0.00346106243192058	303.433288574219	0.00815652869641781			
305	0.0020524498685779	304.248443603516	-0.00268253334797919			
306	0.00426752638664822	305.063598632813	-0.0132220722734928			
307	0.00138783889516289	305.878753662109	9.58375826615177E-12			
308	0.00286200967753696	306.693908691406	-0.00515148416161537			
309	0.00230897546100525	307.509063720703	-6.53645054748964E-11			
310	0.00244934510294659	308.32421875	-0.00502629717811942			
311	0.00192510543694727	309.139373779297	-0.00249045132659376			
312	0.00183981565605277	309.954528808594	0.00245833769440651			
313	0.00306452886788386	310.769683837891	-0.00243040430359542			
314	0.00264234985542015	311.584838867188	-0.00481048272922635			
315	0.00135990179075054	312.399993896484	-0.00474252365529537			
316	0.00324019923492949	313.215148925781	8.61293675269437E-12			
317	9.8749064677863E-4	314.030303955078	-0.00231677386909723			
318	0.0017757323818765	314.845458984375	0.0045718140900135			
319	0.00256809591934081	315.660614013672	8.30871135781841E-12			
320	0.00169407621702347	316.475769042969	0.00894104223698378			
321	0.00323146907875053	317.290924072266	-0.00441484898328781			
322	7.72273974938533E-4	318.106079101563	-0.00872685667127371			
323	0.00271276851254888	318.921264648438	0.00215492607094347			
324	0.00196685106049855	319.736419677734	-0.0063859298825264			
325	0.00235665239874382	320.551574707031	-0.00210148096084595			
326	0.00165081611239433	321.366729736328	-0.0103768091648817			
327	0.0021512322182734	322.181884765625	-0.00410535745322704			
328	0.00171442251229686	322.997039794922	-0.00406770221889019			
329	0.00168729051905231	323.812194824219	0.006041354034096			
330	0.00222852496419609	324.627349853516	-0.00199217512272298			
331	0.00278882011996789	325.442504882813	-0.00197650818154216			
332	0.00176545789917598	326.257659912109	7.18370415236924E-12			
333	0.00210109253090657	327.072814941406	0.0038849450647831			
334	0.00178867032589172	327.887969970703	-0.00577936600893736			
335	0.00189167581736274	328.703125	-0.00382174318656325			
336	8.84586442455967E-4	329.518280029297	6.96808019270967E-12			
337	0.00224224425604868	330.333435058594	-0.00376629736274481			
338	0.00115453924385939	331.148590087891	-0.00374103058129549			
339	0.00223377627304514	331.963745117188	-0.00185851368587464			
340	9.17698868816148E-4	332.778900146484	-0.00924255885183811			
341	0.00278983961854327	333.594055175781	-0.00550468685105443			
342	0.00176738753581438	334.409210205078	-0.0018227300606668			
343	0.00100994380421437	335.224365234375	-0.0108638945966959			
344	0.00209892420517631	336.039520263672	6.61087590919651E-12			
345	0.00231215027932541	336.854675292969	0.00178597401827574			
346	0.00200664477848224	337.669830322266	0.00177897454705089			
347	0.0016373659110693	338.484985351563	0.00530100055038929			
348	0.00117664982603345	339.300170898438	-0.00526203634217381			
349	0.00282449876315821	340.115325927734	-0.00348837650381029			
350	0.0020682560965269	340.930480957031	-0.00346870999783278			
351	0.00231792776531108	341.745635986328	0.00172887404914945			
352	0.00150796275443878	342.560791015625	0.00689471373334527			
353	0.00213773479165291	343.375946044922	0.00343538983725011			
354	0.00111953285657867	344.191101074219	-0.00684844143688679			
355	0.00173493780796884	345.006256103516	0.00513266772031784			
356	0.00272428735541232	345.821411132813	0.00342403957620263			
357	0.00250590777664325	346.636566162109	0.0051241316832602			
358	0.00405155182830732	347.451721191406	-0.0017104510916397			
359	0.00200041044506205	348.266876220703	6.29430405366116E-12			
360	0.00162550801963593	349.08203125	0.00686608580872417			
361	0.00271309681001499	349.897186279297	0.0137728098779917			
362	7.72942471093964E-4	350.712341308594	0.0069145206362009			
363	0.00259605319342788	351.527496337891	-1.01988098522021E-10			
364	0.00228077855172173	352.342651367188	0.00347723998129368			
365	0.00155854597470722	353.157806396484	6.4055917688155E-12			
366	0.00243542744914431	353.972961425781	0.00349682033993304			
367	0.00244387093361088	354.788116455078	-1.02979909322176E-10			
368	0.00322885070039852	355.603271484375	0.00351945264264941			
369	0.0016541687180463	356.418426513672	0.00705691799521446			
370	0.00234870480415558	357.233581542969	-0.00177205726504326			
371	0.00320671952581287	358.048736572266	0.00710396515205503			
372	0.00211382428982219	358.863891601563	-0.00177968468051404			
373	0.00230550021269359	359.679077148438	0.0124918185174465			
374	0.00209352786152066	360.494232177734	0.00714641343802214			
375	0.00238687392894676	361.309387207031	0.0017814802704379			
376	0.00189402748266101	362.124542236328	0.00713222660124302			
377	0.00231304856614512	362.939697265625	0.00356612540781498			
378	0.00218290669561115	363.754852294922	-1.04250580390541E-10			
379	0.00246975745069421	364.570007324219	0.00176903884857893			
380	0.00241657883912602	365.383666992188	0.00879862159490585			
381	0.00295623127182175	366.197357177734	0.0140772517770529			
382	0.00234446823779642	367.011016845703	0.00696924421936274			
383	0.00173769927012731	367.82470703125	0.0034675607457757			
384	0.00209814074873249	368.638366699219	-1.01288540055311E-10			
385	0.00277819398359343	369.452026367188	0.00513137970119715			
386	0.00209868875193572	370.265716552734	0.00850970484316349			
387	0.00227981335936351	371.079376220703	0.00675037363544106			
388	0.00237414571795776	371.89306640625	0.0116588780656457			
389	0.00282556433794071	372.706726074219	0.00661662453785539			
390	0.00230781776307556	373.520416259766	0.00491916015744209			
391	0.00219051544741935	374.334075927734	0.00815567653626204			
392	0.00192797842715288	375.147766113281	0.00483713485300541			
393	0.00227999058927592	375.96142578125	0.00320216827094555			
394	0.00219801904295734	376.775115966797	0.00316953333094716			
395	0.00254183592301926	377.588775634766	-0.00157116237096488			
396	0.00175856712153188	378.402435302734	0.0108756562694907			
397	0.00224666567708974	379.216125488281	0.00770229659974575			
398	0.00303004000076012	380.02978515625	0.00304541341029108			
399	0.0025618119654994	380.843475341797	0.0105105452239513			
400	0.00213866733607637	381.657135009766	0.00298153120093048			
401	0.00328586125727437	382.470825195313	0.00589601323008537			
402	0.00183503599918462	383.284484863281	0.00874128099530935			
403	0.00329001960717659	384.098175048828	0.0144984144717455			
404	0.00288317192581607	384.911834716797	0.00720840645954013			
405	0.00324443443738806	385.725524902344	0.00712171010673046			
406	0.00249489158998738	386.539184570313	0.0070247002877295			
407	0.0030678508500551	387.352844238281	0.00415047025308013			
408	0.00281531308449095	388.166534423828	0.0041115521453321			
409	0.0037498395879688	388.980194091797	0.0108424397185445			
410	0.00397404174988516	389.793884277344	0.00537750171497464			
411	0.00327314234147695	390.607543945313	0.00531700253486633			
412	0.00437648006746789	391.421234130859	0.00666426634415984			
413	0.00482173069128834	392.234893798828	0.0026410052087158			
414	0.00495592783994516	393.048583984375	-3.46361384018223E-10			
415	0.00444894666497382	393.862243652344	0.00778091512620449			
416	0.00580624242074861	394.675903320313	0.0115770110860467			
417	0.00574642202101449	395.489593505859	0.0140030840411782			
418	0.00777079890077479	396.303253173828	0.00882689282298088			
419	0.00813934924269273	397.116943359375	0.013762641698122			
420	0.00910325533814212	397.930603027344	0.0162197072058916			
421	0.010204205567102	398.744293212891	0.0173743218183517			
422	0.0108293922302927	399.557952880859	0.0171955488622189			
423	0.0126902671809829	400.371643066406	0.0146432425826788			
424	0.0128214753857881	401.185302734375	0.0216868110001087			
425	0.0159070789230516	401.998992919922	0.0310236047953367			
426	0.017213651071501	402.812652587891	0.0177131779491901			
427	0.0174482388621062	403.626312255859	0.02478570304811			
428	0.0230251922792493	404.440002441406	0.0339174941182137			
429	0.0252082691127763	405.250518798828	0.0372028052806854			
430	0.0271691397278491	406.061065673828	0.0447998940944672			
431	0.0295675204281107	406.87158203125	0.0479490049183369			
432	0.0336582751324715	407.682098388672	0.0566769242286682			
433	0.0375909684319544	408.492645263672	0.0629487186670303			
434	0.0451307672963908	409.303161621094	0.0712659880518913			
435	0.0479578226762352	410.113677978516	0.0912117809057236			
436	0.0567802355334779	410.924224853516	0.0924137830734253			
437	0.0590443870720196	411.734741210938	0.112481661140919			
438	0.0674684115960646	412.545257568359	0.136326238512993			
439	0.07768948960302	413.355804443359	0.145281195640564			
440	0.0865973983673399	414.166320800781	0.161554619669914			
441	0.0955999718303024	414.976837158203	0.18663664162159			
442	0.108787302527637	415.787353515625	0.217370331287384			
443	0.125100206546726	416.597900390625	0.248549729585648			
444	0.136841422775432	417.408416748047	0.265054285526276			
445	0.16035203331781	418.218933105469	0.301200747489929			
446	0.189184431640723	419.029479980469	0.330914735794067			
447	0.219551815212926	419.839996337891	0.380463480949402			
448	0.251337021487565	420.650512695313	0.414126187562943			
449	0.295908476215083	421.461059570313	0.463742762804031			
450	0.344887286919647	422.271575927734	0.510123133659363			
451	0.399475395198026	423.082092285156	0.550613462924957			
452	0.459048921134285	423.892639160156	0.6239213347435			
453	0.520450725985333	424.703155517578	0.675237417221069			
454	0.566474225634556	425.513671875	0.71137797832489			
455	0.616753398178652	426.32421875	0.767514884471893			
456	0.654559966911635	427.134735107422	0.815981268882751			
457	0.685466384679746	427.945251464844	0.859041512012482			
458	0.684562284408284	428.755798339844	0.918636023998261			
459	0.679120320956455	429.566314697266	0.962329149246216			
460	0.658735223507221	430.376831054688	1.00317859649658			
461	0.623844938722125	431.187377929688	1.04341614246368			
462	0.587937280301755	431.997894287109	1.08858788013458			
463	0.551948515908665	432.808410644531	1.10523450374603			
464	0.519898732795601	433.618957519531	1.15139806270599			
465	0.483382148298749	434.429473876953	1.1310898065567			
466	0.474594901032551	435.239990234375	1.16541802883148			
467	0.46184589576893	436.044738769531	1.18113899230957			
468	0.459766850152339	436.849487304688	1.19070541858673			
469	0.463329583792963	437.654235839844	1.20317482948303			
470	0.461323139464662	438.458984375	1.20797872543335			
471	0.462730029845807	439.263732910156	1.22217094898224			
472	0.458538044936557	440.068481445313	1.23641216754913			
473	0.457958762800327	440.873199462891	1.24956393241882			
474	0.44969149064421	441.677947998047	1.22862207889557			
475	0.439695697846538	442.482696533203	1.23049187660217			
476	0.423060934147089	443.287445068359	1.24122595787048			
477	0.40606461121564	444.092193603516	1.23320364952087			
478	0.398002849939107	444.896942138672	1.17793464660645			
479	0.383033377815929	445.701690673828	1.14861738681793			
480	0.37748066010939	446.506408691406	1.08968794345856			
481	0.366536231371187	447.311157226563	1.03236401081085			
482	0.370754684824699	448.115905761719	0.934920608997345			
483	0.368601273206495	448.920654296875	0.838712632656097			
484	0.374607265246471	449.725402832031	0.759958148002625			
485	0.378621285948104	450.530151367188	0.677531838417053			
486	0.390175115768323	451.334899902344	0.598639190196991			
487	0.398454326445468	452.1396484375	0.513276040554047			
488	0.407134188105312	452.944366455078	0.448605835437775			
489	0.412582310500767	453.749114990234	0.380222290754318			
490	0.431550488005907	454.553863525391	0.329460233449936			
491	0.436412908040216	455.358612060547	0.296703904867172			
492	0.441691170403982	456.163360595703	0.252934187650681			
493	0.445337692920258	456.968109130859	0.229990527033806			
494	0.456408454123977	457.772857666016	0.213612452149391			
495	0.472199423219564	458.577606201172	0.19667312502861			
496	0.471204723227327	459.38232421875	0.181897729635239			
497	0.482643511625777	460.187072753906	0.161183103919029			
498	0.496173407776499	460.991821289063	0.1563960313797			
499	0.500609405207101	461.796569824219	0.148862525820732			
500	0.513409575409721	462.601318359375	0.139039754867554			
501	0.518833129767369	463.406066894531	0.131480619311333			
502	0.523277002369584	464.210815429688	0.122131317853928			
503	0.545792667071025	465.015533447266	0.115616455674171			
504	0.550534403491391	465.820281982422	0.103745885193348			
505	0.559563817960275	466.625030517578	0.0999004244804382			
506	0.569442209274661	467.429779052734	0.0927364826202393			
507	0.583029576743874	468.234527587891	0.0938221141695976			
508	0.587522191064666	469.039276123047	0.081204280257225			
509	0.59316497858067	469.844024658203	0.0755740776658058			
510	0.604775541869356	470.648773193359	0.0710619166493416			
511	0.602750098981051	471.453491210938	0.0699567422270775			
512	0.617924174269719	472.258239746094	0.0660441443324089			
513	0.626371101366556	473.06298828125	0.0657281577587128			
514	0.628220196876916	473.867736816406	0.0702568963170052			
515	0.638932967050355	474.672485351563	0.0605888888239861			
516	0.647234706081522	475.477233886719	0.0696236193180084			
517	0.646033442074664	476.281982421875	0.0587225519120693			
518	0.65172284471297	477.086700439453	0.0657504051923752			
519	0.660075477655069	477.891448974609	0.0678769201040268			
520	0.67438364144207	478.696197509766	0.0664704516530037			
521	0.677451698441916	479.500946044922	0.0674434378743172			
522	0.690868072488067	480.305694580078	0.0673267468810081			
523	0.685761173633992	481.110443115234	0.0719955936074257			
524	0.697455141392448	481.915191650391	0.0699444562196732			
525	0.711721019036037	482.719940185547	0.0710246041417122			
526	0.715814058365676	483.524658203125	0.0726510733366013			
527	0.722482109982994	484.329406738281	0.0723934024572372			
528	0.730731554374605	485.134155273438	0.0754704549908638			
529	0.738301852624616	485.938903808594	0.0829773023724556			
530	0.742876869469463	486.74365234375	0.0863985568284988			
531	0.757538705013176	487.548400878906	0.0829743072390556			
532	0.762347845069197	488.353149414063	0.0940287411212921			
533	0.765136101691615	489.157897949219	0.0986283645033836			
534	0.776245275780609	489.962615966797	0.105551287531853			
535	0.77636800942477	490.767364501953	0.112819664180279			
536	0.798813377314551	491.572113037109	0.117713443934917			
537	0.805574172687747	492.376861572266	0.128440678119659			
538	0.807822871773271	493.181610107422	0.143426239490509			
539	0.827877911370407	493.986358642578	0.153608441352844			
540	0.826263366167623	494.791107177734	0.164069205522537			
541	0.840899423722024	495.595825195313	0.179318726062775			
542	0.84597481619376	496.400573730469	0.193039149045944			
543	0.857659096753095	497.205322265625	0.210344284772873			
544	0.864815191387181	498.010070800781	0.224124357104301			
545	0.871039665751108	498.814819335938	0.23929588496685			
546	0.877982650344339	499.619567871094	0.264850705862045			
547	0.881204728672027	500.42431640625	0.285584062337875			
548	0.900125115738865	501.229064941406	0.310871541500092			
549	0.902214096304054	502.033782958984	0.335638672113419			
550	0.909156129375588	502.838531494141	0.344853758811951			
551	0.921947130990941	503.643280029297	0.381430864334106			
552	0.926209978515402	504.448028564453	0.40377077460289			
553	0.935953995801162	505.252777099609	0.431419759988785			
554	0.938661908955001	506.057525634766	0.459460258483887			
555	0.953525311829254	506.862274169922	0.484924286603928			
556	0.951963029296896	507.6669921875	0.525345742702484			
557	0.955453752646967	508.471740722656	0.554438054561615			
558	0.96272421032488	509.276489257813	0.59274035692215			
559	0.96775254418961	510.081237792969	0.617183327674866			
560	0.971761607557686	510.885986328125	0.635373115539551			
561	0.983506050154931	511.690734863281	0.681470572948456			
562	0.988371849765385	512.495483398438	0.701535999774933			
563	0.985792243958838	513.300231933594	0.745566070079803			
564	1.00126239964723	514.10498046875	0.782333493232727			
565	0.998111644208166	514.909729003906	0.824542641639709			
566	1.00845178627869	515.714477539063	0.845802962779999			
567	1.01519189907582	516.519226074219	0.879400014877319			
568	1.01989204571766	517.323913574219	0.909906804561615			
569	1.02375330052215	518.128662109375	0.934317171573639			
570	1.02165851315284	518.933410644531	0.983715176582336			
571	1.04822606030598	519.738159179688	0.993164241313934			
572	1.03467898546907	520.542907714844	1.01987540721893			
573	1.04973852533669	521.34765625	1.0590763092041			
574	1.05416973316488	522.152404785156	1.08719670772552			
575	1.05312643368819	522.957153320313	1.10995233058929			
576	1.05969422768938	523.761901855469	1.14128959178925			
577	1.06554804310667	524.566650390625	1.17619180679321			
578	1.0742009951256	525.371398925781	1.18702828884125			
579	1.07802295943129	526.176147460938	1.22742283344269			
580	1.08750546165412	526.980895996094	1.24886655807495			
581	1.08922971778885	527.78564453125	1.26371026039124			
582	1.09548448255869	528.590393066406	1.31265223026276			
583	1.11297894418194	529.395080566406	1.3213472366333			
584	1.11218581017177	530.199829101563	1.34251773357391			
585	1.12579389941083	531.004577636719	1.37196779251099			
586	1.13055399123912	531.809326171875	1.37612318992615			
587	1.14690545857621	532.614074707031	1.40779840946198			
588	1.14297596671275	533.418823242188	1.41911470890045			
589	1.15265284568204	534.223571777344	1.44305920600891			
590	1.16487797373393	535.0283203125	1.45692992210388			
591	1.17722664403168	535.833068847656	1.48139202594757			
592	1.19138009298667	536.637817382813	1.49011552333832			
593	1.19595101361673	537.442565917969	1.49178194999695			
594	1.20731408505904	538.247314453125	1.5374242067337			
595	1.21947105819955	539.052062988281	1.52571487426758			
596	1.23455522064791	539.856811523438	1.55683445930481			
597	1.24628929626892	540.661560058594	1.55004954338074			
598	1.25888021609302	541.466247558594	1.57379007339478			
599	1.26705384353384	542.27099609375	1.56991291046143			
600	1.27461457947753	543.075744628906	1.59477281570435			
601	1.29780928773852	543.880493164063	1.60390627384186			
602	1.29562457821163	544.685241699219	1.61570703983307			
603	1.31984886272869	545.489990234375	1.62450158596039			
604	1.33238239223843	546.284301757813	1.62398660182953			
605	1.35125402072727	547.07861328125	1.64426231384277			
606	1.36692713388599	547.872924804688	1.64930963516235			
607	1.37862012426443	548.667236328125	1.66179096698761			
608	1.38921517637517	549.461547851563	1.64866828918457			
609	1.41209073432748	550.255859375	1.65305280685425			
610	1.42364936112551	551.050170898438	1.68861293792725			
611	1.4264692911377	551.844482421875	1.67230260372162			
612	1.44860206270284	552.638793945313	1.68773198127747			
613	1.45839387188497	553.43310546875	1.69656717777252			
614	1.48070294202629	554.227416992188	1.68633568286896			
615	1.49231027996227	555.021728515625	1.69025754928589			
616	1.50175717801419	555.816040039063	1.69245254993439			
617	1.51685799926918	556.6103515625	1.70190274715424			
618	1.523069423951	557.404663085938	1.69173443317413			
619	1.53667712035735	558.198974609375	1.69555509090424			
620	1.55578153685196	558.993286132813	1.70325136184692			
621	1.55842195583852	559.78759765625	1.69618046283722			
622	1.57081937072683	560.581909179688	1.70661246776581			
623	1.585518312075	561.376220703125	1.71293497085571			
624	1.59138819884462	562.170532226563	1.70827484130859			
625	1.60268252466944	562.96484375	1.70252823829651			
626	1.61338568214669	563.759155273438	1.71455240249634			
627	1.60775353362781	564.553466796875	1.70383644104004			
628	1.6269131647161	565.347778320313	1.70086359977722			
629	1.63425667987215	566.14208984375	1.70044147968292			
630	1.63012746840702	566.936401367188	1.70612144470215			
631	1.63624746080036	567.730712890625	1.69624674320221			
632	1.63514287291377	568.525024414063	1.69768393039703			
633	1.6501770506263	569.3193359375	1.70032322406769			
634	1.64426380113209	570.113647460938	1.70289814472198			
635	1.65165857290515	570.907958984375	1.70245885848999			
636	1.63875000752472	571.702270507813	1.68765151500702			
637	1.65167332617057	572.49658203125	1.67432522773743			
638	1.65171811597211	573.290893554688	1.686190366745			
639	1.63945879808072	574.085205078125	1.67491948604584			
640	1.64418887391849	574.879516601563	1.67992413043976			
641	1.64724660321474	575.673828125	1.67754793167114			
642	1.63412061459189	576.468139648438	1.66069829463959			
643	1.63360511656856	577.262451171875	1.66336047649384			
644	1.62001393587897	578.056762695313	1.65820360183716			
645	1.61889247174568	578.85107421875	1.65095734596252			
646	1.61488849490507	579.645385742188	1.64908599853516			
647	1.59409656465147	580.439697265625	1.65353786945343			
648	1.59671546697933	581.234008789063	1.64784896373749			
649	1.58573910244356	582.0283203125	1.63493275642395			
650	1.55555421117687	582.822631835938	1.63191306591034			
651	1.56223202008373	583.616943359375	1.61459124088287			
652	1.55088033077311	584.411254882813	1.62644445896149			
653	1.53785288538464	585.20556640625	1.61007595062256			
654	1.52851084087892	585.999877929688	1.59964239597321			
655	1.50114903344007	586.794250488281	1.60787296295166			
656	1.50284507693288	587.588562011719	1.59878420829773			
657	1.47424335626295	588.382873535156	1.59239506721497			
658	1.47353205098749	589.177185058594	1.59131050109863			
659	1.44953064019636	589.971496582031	1.58243453502655			
660	1.43958701295153	590.765808105469	1.57424080371857			
661	1.43297912112078	591.560119628906	1.57214510440826			
662	1.39742918372182	592.354431152344	1.54846227169037			
663	1.39194974168414	593.148742675781	1.55743813514709			
664	1.36867104746436	593.943054199219	1.53002166748047			
665	1.34757060014808	594.737365722656	1.5312864780426			
666	1.3385049094648	595.531677246094	1.53078258037567			
667	1.32010011970927	596.325988769531	1.52997744083405			
668	1.31063401330838	597.120300292969	1.51853621006012			
669	1.27771753520506	597.914611816406	1.5145468711853			
670	1.26374760536061	598.708923339844	1.51297330856323			
671	1.25030249002013	599.503234863281	1.51009690761566			
672	1.22425286138808	600.297546386719	1.48832666873932			
673	1.2066361992017	601.091857910156	1.4831782579422			
674	1.18247221935111	601.886169433594	1.47391080856323			
675	1.16221414160846	602.680480957031	1.46090114116669			
676	1.14510885146962	603.474792480469	1.4389922618866			
677	1.13087461656653	604.269104003906	1.44125592708588			
678	1.11109705573869	605.063415527344	1.43092930316925			
679	1.08610439345171	605.857727050781	1.42891192436218			
680	1.0653262294132	606.652038574219	1.41997003555298			
681	1.04973179260022	607.446350097656	1.40844714641571			
682	1.02348542006079	608.240661621094	1.39906644821167			
683	1.00721524114941	609.034973144531	1.38436472415924			
684	0.994640686657053	609.829284667969	1.37519824504852			
685	0.965404043239293	610.623596191406	1.3803254365921			
686	0.949377779251459	611.417907714844	1.35477995872498			
687	0.927745409577202	612.212219238281	1.33880698680878			
688	0.913365965779853	613.006530761719	1.33008933067322			
689	0.885007633433885	613.800842285156	1.32696259021759			
690	0.877930914605219	614.595153808594	1.31924700737			
691	0.878114499916525	615.389465332031	1.30033683776855			
692	0.893186693723827	616.183776855469	1.2865195274353			
693	0.904409922883165	616.978088378906	1.29336249828339			
694	0.886870226264	617.772399902344	1.27007627487183			
695	0.846908884795578	618.566711425781	1.26326012611389			
696	0.802738510710051	619.361022949219	1.25199735164642			
697	0.761959367876004	620.155334472656	1.23944616317749			
698	0.743731409991222	620.949645996094	1.21850800514221			
699	0.722402048161427	621.743957519531	1.2152544260025			
700	0.710654130345557	622.538269042969	1.19267737865448			
701	0.692744335629154	623.332580566406	1.1927855014801			
702	0.679788409458055	624.126892089844	1.17180359363556			
703	0.658666628003354	624.921203613281	1.15211725234985			
704	0.647942493004875	625.715515136719	1.16056418418884			
705	0.628185494865097	626.509826660156	1.14894461631775			
706	0.617418519958054	627.304138183594	1.14508521556854			
707	0.603758880289243	628.098449707031	1.12310183048248			
708	0.590985989077183	628.892761230469	1.1091502904892			
709	0.569007146008012	629.687072753906	1.0970401763916			
710	0.560096822692478	630.481384277344	1.0813684463501			
711	0.546351641052081	631.275695800781	1.06796443462372			
712	0.539097620126828	632.070007324219	1.05199289321899			
713	0.522057751752217	632.852416992188	1.04715168476105			
714	0.507963712413919	633.634887695313	1.02593767642975			
715	0.499374425939278	634.417297363281	1.02127408981323			
716	0.480940588545865	635.199768066406	1.0083943605423			
717	0.471232988814754	635.982177734375	1.00042569637299			
718	0.456903450062522	636.7646484375	0.974185764789581			
719	0.448659186457148	637.547058105469	0.987790465354919			
720	0.43863538758094	638.329528808594	0.977060198783875			
721	0.418900264750065	639.111938476563	0.958581984043121			
722	0.413359206372829	639.894409179688	0.941608846187592			
723	0.401592196648563	640.676818847656	0.943619430065155			
724	0.390654839531481	641.459289550781	0.917010545730591			
725	0.38359152887532	642.24169921875	0.912673711776733			
726	0.375360824411311	643.024169921875	0.892429053783417			
727	0.361685517538954	643.806579589844	0.88628226518631			
728	0.361096094216332	644.589050292969	0.879385590553284			
729	0.347501062449639	645.371459960938	0.866241216659546			
730	0.33649049144266	646.153930664063	0.864335536956787			
731	0.329016238535112	646.936340332031	0.850380182266235			
732	0.32136391362972	647.71875	0.844118475914001			
733	0.311317848238652	648.501220703125	0.823911428451538			
734	0.301676660572877	649.283630371094	0.801697969436646			
735	0.290873800689498	650.066101074219	0.813399910926819			
736	0.286562614523164	650.848510742188	0.801596164703369			
737	0.277925745872316	651.630981445313	0.789102375507355			
738	0.27278823478003	652.413391113281	0.773791491985321			
739	0.260625515105933	653.195861816406	0.76373153924942			
740	0.26381864245938	653.978271484375	0.760815143585205			
741	0.249106611951762	654.7607421875	0.742381274700165			
742	0.238735030659593	655.543151855469	0.744664430618286			
743	0.240169106432398	656.325622558594	0.72731351852417			
744	0.231342039570547	657.108032226563	0.729854226112366			
745	0.225745264528253	657.890502929688	0.717048764228821			
746	0.218876209421608	658.672912597656	0.713700234889984			
747	0.212496978054574	659.455383300781	0.688924729824066			
748	0.211176907925398	660.23779296875	0.676250755786896			
749	0.202292815401965	661.020263671875	0.665351092815399			
750	0.197605189782399	661.802673339844	0.654528856277466			
751	0.193456098711133	662.585144042969	0.645738303661346			
752	0.188872103558204	663.367553710938	0.638152778148651			
753	0.182671036732165	664.150024414063	0.634271502494812			
754	0.179000639888784	664.932434082031	0.620467841625214			
755	0.170793754963293	665.714904785156	0.621783494949341			
756	0.167264007498822	666.497314453125	0.608753979206085			
757	0.16567321425146	667.27978515625	0.597198247909546			
758	0.159292572745634	668.062194824219	0.58620297908783			
759	0.152168067143352	668.844604492188	0.583239197731018			
760	0.153480485622299	669.627075195313	0.583167850971222			
761	0.144042456978846	670.409484863281	0.570797085762024			
762	0.144868973163396	671.191955566406	0.555014073848724			
763	0.14193055127566	671.974365234375	0.545820474624634			
764	0.135129491687339	672.7568359375	0.534402906894684			
765	0.128947480251848	673.539245605469	0.54686176776886			
766	0.126551777925581	674.321716308594	0.525759637355804			
767	0.122961882441252	675.104125976563	0.514766454696655			
768	0.119422244948112	675.886596679688	0.513453900814056			
769	0.117476234323988	676.669006347656	0.502931118011475			
770	0.115109541033863	677.451477050781	0.490541994571686			
771	0.109172342563189	678.23388671875	0.490336298942566			
772	0.108592685534974	679.016357421875	0.477440983057022			
773	0.100282389423552	679.798767089844	0.478097707033157			
774	0.103073058158613	680.581237792969	0.463751822710037			
775	0.0986770712110964	681.363647460938	0.457983940839767			
776	0.0955197183939117	682.146118164063	0.45462366938591			
777	0.0925718110819082	682.928527832031	0.444041341543198			
778	0.0929528304643208	683.710998535156	0.442996621131897			
779	0.0887618067580368	684.493408203125	0.437692910432816			
780	0.0843192205301229	685.27587890625	0.424535393714905			
781	0.0818846989890683	686.058288574219	0.412585884332657			
782	0.0830598766713295	686.840759277344	0.404650658369064			
783	0.0769259782445369	687.623168945313	0.400866121053696			
784	0.0753873783913285	688.405639648438	0.397883951663971			
785	0.0742660602803208	689.188049316406	0.382174283266068			
786	0.0705586683593917	689.970458984375	0.377190142869949			
787	0.0699427345614382	690.7529296875	0.373763263225555			
788	0.06720029459653	691.535339355469	0.36380472779274			
789	0.0654309665716299	692.317810058594	0.361269444227219			
790	0.06403530369247	693.100219726563	0.353435456752777			
791	0.061086418405387	693.882690429688	0.353540271520615			
792	0.061168592927906	694.665100097656	0.347278594970703			
793	0.0575746948081358	695.447570800781	0.343941479921341			
794	0.0584666853167379	696.22998046875	0.334028154611588			
795	0.0570010052181836	697.008544921875	0.328437685966492			
796	0.05293830112858	697.787048339844	0.312137395143509			
797	0.052385471508874	698.565551757813	0.31633734703064			
798	0.049021279852565	699.344055175781	0.314526736736298			
799	0.048872316973314	700.122619628906	0.311857789754868			
800	0.0475241597174196	700.901123046875	0.303522378206253			
801	0.0461377682758134	701.679626464844	0.290494740009308			
802	0.0453827916950004	702.458129882813	0.292677819728851			
803	0.0428602972088334	703.236694335938	0.28331783413887			
804	0.0433813990557738	704.015197753906	0.28205332159996			
805	0.0419081274284446	704.793701171875	0.278065830469131			
806	0.0407993742858189	705.572204589844	0.278895139694214			
807	0.0389007354881947	706.350769042969	0.268116891384125			
808	0.0383582056425097	707.129272460938	0.262018144130707			
809	0.0363827624246325	707.907775878906	0.257303178310394			
810	0.0359796066858909	708.686279296875	0.249717906117439			
811	0.0350471957776911	709.46484375	0.251664370298386			
812	0.0337761786077969	710.243347167969	0.242195501923561			
813	0.0322659044667253	711.021850585938	0.243864104151726			
814	0.0324822272433378	711.800354003906	0.23462900519371			
815	0.0317130854590661	712.578918457031	0.227632820606232			
816	0.0297771234080882	713.357421875	0.229478508234024			
817	0.0288248838622699	714.135925292969	0.216966927051544			
818	0.0279217606927148	714.914428710938	0.221478417515755			
819	0.0272849157782583	715.692993164063	0.212250083684921			
820	0.0262370908113169	716.471496582031	0.201382875442505			
821	0.0251926590176615	717.25	0.207140579819679			
822	0.0261606227730947	718.028503417969	0.195026114583015			
823	0.0245146735521472	718.807006835938	0.200117006897926			
824	0.0241601565232468	719.585571289063	0.196400716900826			
825	0.0231808277897004	720.364074707031	0.190513581037521			
826	0.0229626833076836	721.142578125	0.189856871962547			
827	0.0222880414457405	721.921081542969	0.189369887113571			
828	0.0209653580158207	722.699645996094	0.186327755451202			
829	0.0204804229080599	723.478149414063	0.178569778800011			
830	0.0196833574491428	724.256652832031	0.175137490034103			
831	0.0186806473365238	725.03515625	0.168849885463715			
832	0.0203166667696954	725.813720703125	0.173417761921883			
833	0.0184949608007893	726.592224121094	0.167612716555595			
834	0.0170387391966354	727.370727539063	0.161654785275459			
835	0.0161256913424198	728.149230957031	0.15522700548172			
836	0.0169473819899307	728.927795410156	0.1637262403965			
837	0.0172598188807688	729.706298828125	0.155447781085968			
838	0.0164774417042397	730.484802246094	0.153254717588425			
839	0.0159116532912341	731.263305664063	0.152182191610336			
840	0.0155335989475059	732.041870117188	0.1456258893013			
841	0.0150045110324098	732.820373535156	0.144288510084152			
842	0.0134021598783243	733.598876953125	0.13809771835804			
843	0.014971517653928	734.377380371094	0.138563737273216			
844	0.0139866592293837	735.155944824219	0.136734768748283			
845	0.0125236617643913	735.934448242188	0.134623542428017			
846	0.0125400735994079	736.712951660156	0.130534395575523			
847	0.0132877066993325	737.491455078125	0.130762994289398			
848	0.0118706302625606	738.27001953125	0.127176269888878			
849	0.0120236129027294	739.047180175781	0.125204548239708			
850	0.0117822146776069	739.824401855469	0.121875405311584			
851	0.00850186852073415	740.6015625	0.119155064225197			
852	0.0114871770775008	741.378723144531	0.11451156437397			
853	0.0118866236490875	742.155944824219	0.120513640344143			
854	0.0101816097977849	742.93310546875	0.111724466085434			
855	0.0106017511395867	743.710327148438	0.115782663226128			
856	0.00933103563246666	744.487487792969	0.1097392141819			
857	0.00950643239629873	745.264709472656	0.109314754605293			
858	0.0104967600422389	746.041870117188	0.112523280084133			
859	0.00877226033110732	746.819091796875	0.106623746454716			
860	0.00963296922599369	747.596252441406	0.101566888391972			
861	0.00931339919623633	748.373413085938	0.0992342084646225			
862	0.00871662892560177	749.150634765625	0.0984199717640877			
863	0.00765157479024358	749.927795410156	0.0976276472210884			
864	0.0067852765364948	750.705017089844	0.0943865180015564			
865	0.00754779434633395	751.482177734375	0.0929320305585861			
866	0.00860365271175313	752.259399414063	0.089389443397522			
867	0.00812401387669438	753.036560058594	0.0843748524785042			
868	0.00643895002851064	753.813720703125	0.0871648862957954			
869	0.00714305639596699	754.590942382813	0.0817422270774841			
870	0.00679393920026254	755.368103027344	0.0854511260986328			
871	0.0071529694927818	756.145324707031	0.0871674343943596			
872	0.00585206258465107	756.922485351563	0.078502394258976			
873	0.00559705397819678	757.69970703125	0.0795782953500748			
874	0.00651176299247981	758.476867675781	0.0778394937515259			
875	0.00707466803358326	759.254089355469	0.0751563981175423			
876	0.00629133971030576	760.03125	0.0783836469054222			
877	0.00625569390046441	760.808410644531	0.0760929211974144			
878	0.00581588787888042	761.585632324219	0.0761938467621803			
879	0.0067061345093999	762.36279296875	0.0735137164592743			
880	0.00525826748245047	763.140014648438	0.0707370415329933			
881	0.00460610507441476	763.9130859375	0.0694563910365105			
882	0.00605793098966049	764.686157226563	0.0684965699911118			
883	0.00440144897849067	765.459289550781	0.0679159536957741			
884	0.00556265083563322	766.232360839844	0.0653059035539627			
885	0.00435459317083039	767.005432128906	0.0653997957706451			
886	0.00697967935057507	767.778503417969	0.0626843869686127			
887	0.00306909286495799	768.551574707031	0.0636474192142487			
888	0.00512580732199918	769.32470703125	0.0603132173418999			
889	0.00306153260675356	770.097778320313	0.062243040651083			
890	0.00613806949078211	770.870849609375	0.0581777952611446			
891	0.0030888170476431	771.643920898438	0.0586978197097778			
892	0.00280948719373134	772.417053222656	0.0568395107984543			
893	0.00464931550326858	773.190124511719	0.0596645325422287			
894	0.00387328361070134	773.963195800781	0.0541444905102253			
895	0.0032854716101507	774.736267089844	0.0565744303166866			
896	0.00354203206305162	775.509399414063	0.0510260798037052			
897	0.00493077706640099	776.282470703125	0.0515326336026192			
898	0.00353830680924042	777.055541992188	0.051151342689991			
899	0.00536325332006127	777.82861328125	0.0450682416558266			
900	0.00275709617240851	778.601745605469	0.0474759340286255			
901	0.00442754195600224	779.374816894531	0.0494365729391575			
902	0.00219373742000941	780.147888183594	0.0452841147780418			
903	0.00376504981847254	780.920959472656	0.0458121225237846			
904	0.00322631165575459	781.694091796875	0.046246062964201			
905	0.00255889633684506	782.467163085938	0.0439951084554195			
906	0.00196499987850809	783.240234375	0.0449648983776569			
907	0.00280501730295943	784.013305664063	0.0441427640616894			
908	0.00244362706542954	784.786437988281	0.0427815727889538			
909	4.95511604846541E-4	785.559509277344	0.0419366732239723			
910	0.00373675895815353	786.332580566406	0.0414681099355221			
911	0.00213061311706002	787.105651855469	0.040057010948658			
912	0.00348316889328921	787.878784179688	0.0390931703150272			
913	0.00180657030155317	788.65185546875	0.0396306961774826			
914	0.00241283467226599	789.424926757813	0.0391547009348869			
915	0.00103069100539772	790.197998046875	0.0381979234516621			
916	0.00311201949368499	790.971130371094	0.0357312858104706			
917	0.00127658482282884	791.744201660156	0.0375708155333996			
918	0.00208604900229414	792.517272949219	0.0342244319617748			
919	0.00243081025727748	793.290344238281	0.0370261631906033			
920	0.0014333389715177	794.0634765625	0.0333334691822529			
921	0.00118786191127229	794.836547851563	0.0337679050862789			
922	0.00293618665196782	795.609619140625	0.0309888012707233			
923	0.00182334979274409	796.382690429688	0.0332976914942265			
924	0.0032434640509898	797.155822753906	0.0323833003640175			
925	0.00110487142699628	797.928894042969	0.0347999334335327			
926	0.00291975577821106	798.701965332031	0.0273918900638819			
927	0.00237417117616598	799.475036621094	0.0298534091562033			
928	2.16520206573551E-4	800.248168945313	0.0308383330702782			
929	0.00185842857345682	801.021240234375	0.0285629760473967			
930	0.00354097099967229	801.794311523438	0.029637610539794			
931	-2.37360911283194E-5	802.5673828125	0.0269442182034254			
932	9.34909293360327E-4	803.340515136719	0.0252086501568556			
933	9.75685994352039E-4	804.113586425781	0.0291343349963427			
934	0.00237437029646709	804.886657714844	0.0277534443885088			
935	2.81642802138097E-4	805.659729003906	0.023901142179966			
936	0.00313277002574819	806.432861328125	0.0260136742144823			
937	-1.65092529764786E-4	807.205932617188	0.0237635225057602			
938	0.0011047168468265	807.97900390625	0.023905398324132			
939	0.00264194837225272	808.752075195313	0.0244553536176682			
940	0.00315152233566651	809.525207519531	0.0259195826947689			
941	0.00349827042658462	810.298278808594	0.0215231962502003			
942	-0.00146814802242075	811.071350097656	0.0251773465424776			
943	0.00198506586550636	811.844421386719	0.0228108689188957			
944	0.00453584611937982	812.617553710938	0.0213963966816664			
945	-2.13848917074348E-5	813.390625	0.022479047998786			
946	0.00167712410537495	814.163696289063	0.0219853594899178			
947	0.00133950437118469	814.936767578125	0.0230928175151348			
948	0.00173222772073667	815.709899902344	0.0232123471796513			
949	-0.00129536033493335	816.482971191406	0.0201741009950638			
950	0.00301332041284594	817.256042480469	0.0191656295210123			
951	0.00303179423250173	818.029113769531	0.0186049919575453			
952	-2.72606064184777E-4	818.80224609375	0.0191207993775606			
953	0.00110210188986189	819.575317382813	0.019168546423316			
954	0.00348646985814188	820.348388671875	0.0192530900239944			
955	0.00244732851118468	821.121459960938	0.0192803144454956			
956	-2.06410159747741E-5	821.894592285156	0.0176734291017056			
957	0.00210188833669059	822.667663574219	0.0170694869011641			
958	0.0017548509050169	823.440734863281	0.0180567167699337			
959	0.00118070314448018	824.213806152344	0.0176107734441757			
960	-1.86520697018801E-4	824.986938476563	0.0155924670398235			
961	0.00240589120010406	825.760009765625	0.0145310433581471			
962	4.02214247776018E-4	826.529724121094	0.0186344906687737			
963	3.28249719426441E-4	827.299438476563	0.0154686272144318			
964	0.0016907752453605	828.069091796875	0.0149299800395966			
965	6.79385970769958E-4	828.838806152344	0.013909668661654			
966	2.82850634927551E-4	829.608520507813	0.0144262509420514			
967	7.40386422986936E-4	830.378234863281	0.0144040174782276			
968	0.0033331730038097	831.14794921875	0.0143541442230344			
969	0.00135711275738184	831.917663574219	0.014368437230587			
970	9.7932464057448E-4	832.687377929688	0.0169958919286728			
971	4.12809986169591E-4	833.45703125	0.0149300266057253			
972	5.90411353517662E-5	834.226745605469	0.0128478454425931			
973	0.00241468733472449	834.996459960938	0.013862693682313			
974	0.0023236959009864	835.766174316406	0.0133523922413588			
975	-2.07532879346135E-4	836.535888671875	0.0149786090478301			
976	0.00228776658970787	837.305603027344	0.0119167547672987			
977	0.00417529900312527	838.075317382813	0.0124343009665608			
978	-4.83232172029657E-4	838.844970703125	0.0114136412739754			
979	0.00114134969950814	839.614685058594	0.0109134996309876			
980	6.52650373555118E-4	840.384399414063	0.0104152504354715			
981	0.00456172032301322	841.154113769531	0.0109700737521052			
982	-8.80095971353126E-4	841.923828125	0.0110235773026943			
983	0.00127102720090235	842.693542480469	0.0126154590398073			
984	-0.00108859988035766	843.463256835938	0.0110330954194069			
985	0.0024697220045791	844.232971191406	0.00946976244449615			
986	-3.6521422650872E-4	845.002624511719	0.0105293737724423			
987	0.0012793379359587	845.772338867188	0.0100287543609738			
988	0.00208060493167828	846.542053222656	0.00902567245066166			
989	0.00199521418874895	847.311767578125	0.0112084429711103			
990	4.37773202103798E-4	848.081481933594	0.00858493149280548			
991	0.00432739639372537	848.851196289063	0.00857973657548428			
992	8.41499549397879E-4	849.620910644531	0.00749332783743739			
993	0.0011187058614868	850.390563964844	0.00753203639760613			
994	0.00112304216005247	851.160278320313	0.00759170996025205			
995	0.00100340794919604	851.929992675781	0.0114728780463338			
996	8.83139109949234E-4	852.690246582031	0.00876259058713913			
997	-1.23476448934525E-4	853.450500488281	0.00927233137190342			
998	0.00295913370023717	854.210754394531	0.00869102496653795			
999	4.47274254419199E-4	854.971008300781	0.00817963201552629			
1000	6.50962948880174E-4	855.731262207031	0.00550593808293343			
1001	8.54651643341149E-4	856.491516113281	0.00835127290338278			
1002	0.00105834033780212	857.251770019531	0.00613776640966535			
1003	0.00183041078762194	858.012023925781	0.00554911093786359			
1004	0.00126186574132504	858.772277832031	0.00608412455767393			
1005	2.17309673515172E-4	859.532531738281	0.00723451748490334			
1006	2.1612710186313E-4	860.292785644531	0.00618648994714022			
1007	5.95534531259355E-4	861.053039550781	0.00793084502220154			
1008	1.90335724206586E-4	861.813293457031	0.00737034343183041			
1009	-2.14863082846184E-4	862.573547363281	0.00621288316324353			
1010	-6.60961899560834E-4	863.333801269531	0.0062378691509366			
1011	-1.56926299150583E-4	864.094055175781	0.00286770146340132			
1012	4.29202441939782E-4	864.854309082031	0.00583257060497999			
1013	3.78593086926117E-4	865.614562988281	0.00590854324400425			
1014	1.16569167729043E-4	866.374816894531	0.00297395675443113			
1015	9.0832757039557E-4	867.135070800781	0.00659240502864122			
1016	0.00222622649409655	867.895324707031	0.00362333841621876			
1017	0.00153172863872367	868.655578613281	0.00183497497346252			
1018	3.85899245741754E-4	869.415832519531	0.00373982195742428			
1019	6.79062123931921E-4	870.176086425781	0.00126336177345365			
1020	0.00135653775054471	870.936340332031	0.00253914413042367			
1021	9.63424871769624E-4	871.696594238281	0.003162911394611			
1022	1.48493279879333E-4	872.456848144531	0.00695232069119811			
1023	3.91583825174912E-4	873.217102050781	0.00509208906441927			
1024	0.0013067494769383	873.977355957031	0.00451851589605212			
1025	6.72447309535189E-4	874.737609863281	0.00459242379292846			
1026	-5.14154456368963E-4	875.497863769531	0.00132676807697862			
1027	-5.12912543013461E-4	876.258117675781	0.00399388466030359			
1028	-7.93647717807038E-4	877.018371582031	0.00333568174391985			
1029	-5.02319617572566E-4	877.778625488281	0.00333925802260637			
1030	-2.10991517338093E-4	878.538879394531	0.00335151515901089			
1031	9.857296179863E-5	879.299133300781	0.00336693204008043			
1032	1.46590938307956E-4	880.059387207031	0.00270651676692069			
1033	1.42942084098131E-4	880.819641113281	0.00610903464257717			
1034	4.81258193152923E-4	881.579895019531	0.00203697639517486			
1035	9.55667117986984E-4	882.340148925781	0.00135534361470491			
1036	8.09677255337272E-4	883.100402832031	0.00135685026179999			
1037	6.81529182317614E-4	883.860656738281	0.00204342626966536			
1038	4.8908034298341E-4	884.620910644531	0.00274218060076237			
1039	2.7329180132214E-4	885.381164550781	0.00275910529308021			
1040	1.2876247112661E-4	886.141418457031	0.00277773034758866			
1041	-7.25955397534425E-5	886.901672363281	0.00208121794275939			
1042	-1.20799491888219E-4	887.661926269531	0.00277041411027312			
1043	-2.02548021608639E-4	888.422180175781	-0.00138077978044748			
1044	-2.02346622399116E-4	889.182434082031	0.00691496906802058			
1045	-4.69949766333635E-4	889.942687988281	-0.00138566945679486			
1046	-1.33319166474519E-4	890.702941894531	0.00347698992118239			
1047	5.0667002182309E-4	891.463134765625	0.00209644809365273			
1048	5.05878550197057E-4	892.223388671875	7.01853423379362E-4			
1049	5.05087078571025E-4	892.983642578125	0.00140641257166862			
1050	5.05138425134202E-4	893.743896484375	0.00351611943915486			
1051	7.28240406330107E-5	894.504150390625	0.00211648060940206			
1052	-4.30130949597582E-4	895.264404296875	0.00354686402715743			
1053	-1.89552494406616E-4	896.024658203125	-7.15823844075203E-4			
1054	1.01026606051824E-4	896.784912109375	0.00359649560414255			
1055	1.0122637225738E-4	897.545166015625	0.0021586250513792			
1056	5.66077967269811E-5	898.305419921875	-1.15851619963969E-10			
1057	2.00901697744528E-4	899.065673828125	-1.15695897306978E-10			
1058	3.24494820383173E-4	899.825927734375	0.00648230826482177			
1059	5.18797797331114E-4	900.586181640625	7.25941907148808E-4			
1060	5.14712454893308E-4	901.346435546875	-7.31587468180805E-4			
1061	0.00109276917739215	902.106689453125	-7.37689959350973E-4			
1062	0.00273105914679403	902.866943359375	0.00221435399726033			
1063	0.00159904877761541	903.627197265625	-1.19227988593096E-10			
1064	-8.42356372097776E-4	904.387451171875	0.00441838800907135			
1065	-5.47958675936471E-5	905.147705078125	-7.38736300263554E-4			
1066	0.00142743377243815	905.907958984375	-7.42860895115882E-4			
1067	0.00128147564862163	906.668212890625	0.00149792688898742			
1068	0.00109841776554581	907.428466796875	0.00302207795903087			
1069	9.98473453667571E-4	908.188720703125	0.00454954709857702			
1070	9.81927702372158E-4	908.948974609375	0.00304374285042286			
1071	7.85947263379145E-4	909.709228515625	0.00680133001878858			
1072	6.37387256737607E-4	910.469482421875	7.53818894736469E-4			
1073	3.90440118476255E-4	911.229736328125	0.00682406406849623			
1074	-1.99585775977463E-4	911.989990234375	-1.24010732238666E-10			
1075	-1.00880328981421E-4	912.749450683594	0.0015532368561253			
1076	-2.17488198538003E-6	913.508850097656	0.00389561662450433			
1077	8.84900013484909E-5	914.268310546875	-7.75537802837789E-4			
1078	3.34222898167076E-4	915.027709960938	0.00231895362958312			
1079	6.02721487590693E-4	915.787170410156	0.00309301028028131			
1080	6.53374307191264E-4	916.546569824219	0.0015564818168059			
1081	6.5175970178963E-4	917.306030273438	0.00472310837358236			
1082	9.94681972324035E-4	918.0654296875	7.94510648120195E-4			
1083	0.00153864866366488	918.824829101563	0.00401049386709929			
1084	0.00104724677247366	919.584289550781	-1.30423824518111E-10			
1085	3.3267298209501E-4	920.343688964844	0.00486044399440289			
1086	5.77864240840672E-4	921.103149414063	0.0024425785522908			
1087	0.00109213845809332	921.862548828125	0.00246599712409079			
1088	6.00342890998393E-4	922.622009277344	0.00747919641435146			
1089	-3.32034624233596E-4	923.381408691406	0.00250933179631829			
1090	2.07383328425436E-4	924.140869140625	8.41630680952221E-4			
1091	0.00110629198929985	924.900268554688	-5.01404473496336E-11			
1092	9.10942506404886E-4	925.659729003906	0.00433902256190777			
1093	6.62738606081923E-4	926.419128417969	0.00265621929429471			
1094	5.63245529556259E-4	927.178588867188	0.00269281980581582			
1095	3.42284986535537E-4	927.93798828125	0.00453231064602733			
1096	4.40774696624977E-4	928.697448730469	0.0036459625698626			
1097	7.71418529000554E-4	929.456848144531	3.36649436626091E-12			
1098	5.26249661249726E-4	930.21630859375	0.00371545366942883			
1099	-1.86897394715578E-4	930.975708007813	9.51207824982703E-4			
1100	2.02333426074548E-4	931.735168457031	0.00197355053387582			
1101	8.66644634056299E-4	932.494567871094	0.00204989872872829			
1102	9.11941002484737E-4	933.254028320313	0.00213149026967585			
1103	0.00132936197507595	934.013427734375	0.00440207123756409			
1104	9.42867301393698E-4	934.772827148438	0.00114009773824364			
1105	2.27674220327177E-5	935.532287597656	-6.98103866381139E-11			
1106	2.13798689018994E-4	936.291687011719	0.00125105073675513			
1107	8.29614777796467E-4	937.051147460938	0.00530356774106622			
1108	5.89866487947698E-4	937.810546875	-0.00425948342308402			
1109	3.5011819809893E-4	938.570007324219	0.00304270116612315			
1110	9.42589510027572E-5	939.329406738281	0.00161968381144106			
1111	1.894877214858E-4	940.0888671875	-0.00681581348180771			
1112	2.89945806432001E-4	940.848266601563	0.00530897174030542			
1113	3.37734328762016E-4	941.607727050781	-0.00182450923603028			
1114	3.36608410820192E-4	942.367126464844	0.00186426844447851			
1115	6.68183827418556E-4	943.126586914063	-0.00379620702005923			
1116	9.770038984405E-4	943.885986328125	-0.0019309752387926			
1117	0.00140566878949826	944.645446777344	-1.14037689014079E-10			
1118	0.00231367081580647	945.404846191406	-0.00576492445543408			
1119	0.0011257322437223	946.164306640625	0.00376314367167652			
1120	-6.41136273116972E-4	946.923706054688	-0.00733505468815565			
1121	-2.14849485284909E-4	947.683166503906	-0.00179636792745441			
1122	5.29759948316072E-4	948.442565917969	6.48652442522546E-12			
1123	1.99314549804844E-4	949.202026367188	-1.01891543813348E-10			
1124	-6.52568237369227E-4	949.96142578125	0.00170093402266502			
1125	9.70407479187897E-5	950.720886230469	0.00658853491768241			
1126	0.00143521084457242	951.480285644531	0.00478531187400222			
1127	0.00110473635667336	952.239685058594	-9.03845817634696E-11			
1128	4.89620488785316E-4	952.999145507813	0.00448562670499086			
1129	6.28128741205969E-4	953.758544921875	-0.00437766686081886			
1130	9.53188348770168E-4	954.518005371094	-0.00429433071985841			
1131	8.12873630686182E-4	955.277404785156	-0.00980283040553331			
1132	6.04113102558507E-4	956.036865234375	0.00411711959168315			
1133	5.5740574271791E-4	956.796264648438	-0.0013421707553789			
1134	5.47327744476443E-4	957.555725097656	-0.00132463255431503			
1135	4.54441909686619E-4	958.315124511719	-0.00261381408199668			
1136	4.76791714650466E-4	959.074584960938	-0.00386943947523832			
1137	2.49181980779428E-4	959.833984375	-0.00127084832638502			
1138	-6.83826486425258E-4	960.593444824219	-0.00625221151858568			
1139	-1.42592896258345E-4	961.352844238281	0.00246672751381993			
1140	7.51881554858766E-4	962.1123046875	-0.00122302549425513			
1141	9.32478413606932E-4	962.871704101563	4.50499880455535E-12			
1142	0.0011130752723551	963.631164550781	4.53785620191383E-12			
1143	0.00130318785713937	964.390563964844	-0.00124244682956487			
1144	0.00125518404818142	965.150024414063	4.56319964453611E-12			
1145	0.00127664394567796	965.905334472656	-0.00743153784424067			
1146	5.59173450514029E-4	966.66064453125	-0.00490932678803802			
1147	-3.36453993416082E-4	967.415954589844	-0.00244494108483195			
1148	2.07895941096549E-5	968.171264648438	-0.00491018919274211			
1149	4.79777068803323E-4	968.926574707031	0.00743281422182918			
1150	3.90590059821454E-4	969.681884765625	-0.00376440049149096			
1151	1.46234896658969E-4	970.437194824219	-0.00127170677296817			
1152	5.92038425996802E-4	971.192504882813	-7.52391898783955E-11			
1153	0.00109641969083635	971.947814941406	-7.49999159999071E-11			
1154	0.00136528044390942	972.703125	-7.44985462208803E-11			
1155	0.00200070764795091	973.458435058594	-7.4636921643112E-11			
1156	0.00128436093175456	974.213745117188	0.00128000613767654			
1157	1.25354413279002E-4	974.969055175781	-0.00129359483253211			
1158	4.80600220803506E-4	975.724365234375	0.00130546803120524			
1159	9.78319627192745E-4	976.479675292969	-0.00131096539553255			
1160	0.00101981712237856	977.234985351563	-7.74957528704157E-11			
1161	0.00136614111354613	977.990295410156	0.00530012976378202			
1162	7.9197325984572E-4	978.74560546875	-0.00532529270276427			
1163	-1.84374084055367E-4	979.500915527344	-0.00267121731303632			
1164	-8.56370335469456E-6	980.256225585938	-0.00268229679204524			
1165	2.17893303582377E-4	981.011535644531	-7.95243246254351E-11			
1166	3.05969033801219E-4	981.766845703125	-8.02977268010707E-11			
1167	5.03271154769483E-4	982.522216796875	-0.0068841278553009			
1168	4.14686945596563E-4	983.277526855469	-0.00138183869421482			
1169	2.67772962251911E-4	984.032836914063	-0.00693112006410956			
1170	2.67660797147652E-4	984.788146972656	0.00138900708407164			
1171	2.37466189388546E-4	985.54345703125	-0.00558383390307426			
1172	2.80309466192689E-4	986.298767089844	-0.00422413600608706			
1173	4.51565768564932E-4	987.054077148438	-0.00711770402267575			
1174	3.2118995999877E-4	987.809387207031	0.00144067616201937			
1175	-1.82276795019867E-4	988.564697265625	-0.00438737357035279			
1176	1.64158790070551E-4	989.320007324219	-0.00296967383474112			
1177	0.00151048489774156	990.075317382813	-0.00448056496679783			
1178	6.4270418265703E-4	990.830627441406	-0.00302143697626889			
1179	-0.00150059748024406	991.5859375	-0.00302768754772842			
1180	-8.92937980062673E-4	992.341247558594	-8.89022397365657E-11			
1181	0.00183696559049024	993.096557617188	-0.00908479001373053			
1182	1.00944391765791E-4	993.851867675781	-0.00303951138630509			
1183	-0.00492158599538198	994.607177734375	-0.00306313508190215			
1184	-0.00318545304507833	995.362487792969	0.00310944253578782			
1185	9.34627716656235E-5	996.117797851563	0.00317106442525983			
1186	2.67361205049766E-4	996.873107910156	-0.00809277407824993			
1187	4.41259638433908E-4	997.62841796875	0.00493847532197833			
1188	5.91684200776142E-4	998.383728027344	-0.00499928882345557			
1189	0.00158736875200352	999.139038085938	-0.00504021532833576			
1190	0.00272478271121815	999.894348144531	-0.00675286678597331			
1191	0.00168710945118188	1003.73602294922	0.00108611432369798			
1192	5.58745499309129E-4	1005.83898925781	-2.1631782874465E-4			
1193	3.40188168186279E-4	1007.94201660156	-8.55321646668017E-4			
1194	8.18354311951752E-5	1010.04498291016	0.00106381461955607			
1195	1.25549994579756E-4	1012.14801025391	0.00137056328821927			
1196	2.44713664857593E-4	1014.2509765625	4.2037625098601E-4			
1197	-1.03008810180598E-4	1016.35400390625	-3.12690244754776E-4			
1198	-5.2157393329427E-4	1018.45697021484	-8.31785553600639E-4			
1199	-5.66245247479016E-4	1020.55999755859	-7.23160745110363E-4			
1200	-8.6251111505019E-4	1022.66302490234	-6.1933696269989E-4			
1201	8.43844208519911E-6	1024.76599121094	8.20879591628909E-4			
1202	0.00122280034419588	1026.86901855469	0.00153922429308295			
1203	0.0010067197892611	1028.97204589844	0.00102092686574906			
1204	6.35805499556688E-4	1031.07495117188	-7.01380342693625E-11			
1205	8.53513575002493E-4	1033.17797851563	-7.11042783223093E-4			
1206	0.00122674679593629	1035.28100585938	-8.13015969470143E-4			
1207	0.00105363830946872	1037.38403320313	-4.05081606004387E-4			
1208	0.00136124019691516	1039.48706054688	-0.00111593538895249			
1209	9.30317707636068E-5	1041.58996582031	5.05171134136617E-4			
1210	-0.00216124637128867	1043.69299316406	-3.47369112640994E-11			
1211	-0.00137505929574675	1045.79602050781	6.05954730417579E-4			
1212	-2.47897120961601E-4	1047.89904785156	-5.20989675012462E-11			
1213	-1.16177714819982E-4	1050.001953125	-3.02576401736587E-4			
1214	1.39000288213497E-4	1052.10498046875	-1.01219011412468E-4			
1215	5.10470562712501E-5	1054.2080078125	4.04272606829181E-4			
1216	-3.82264507174914E-4	1056.31103515625	5.07440126966685E-4			
1217	1.02373932949242E-4	1058.41394042969	-0.00111354270484298			
1218	7.8377834931055E-4	1060.51696777344	9.15242882911116E-4			
1219	9.62957839778698E-4	1062.61999511719	-1.01460907899309E-4			
1220	0.00138678772248755	1064.68212890625	-1.01712932519149E-4			
1221	0.0012089075277186	1066.744140625	0.00101447722408921			
1222	0.00131954873781174	1068.80627441406	0.00101783487480134			
1223	7.44363559242107E-4	1070.86840820313	8.11736681498587E-4			
1224	-3.06299389264091E-4	1072.93041992188	-8.74442324105829E-11			
1225	-2.61736931983224E-4	1074.99255371094	-4.06461185775697E-4			
1226	-3.97133540922189E-4	1077.0546875	2.03856572625227E-4			
1227	-1.29912169508585E-4	1079.11669921875	7.10071413777769E-4			
1228	5.15871317258973E-4	1081.17883300781	5.09346893522888E-4			
1229	3.37392652889363E-4	1083.24096679688	2.02891023945995E-4			
1230	-2.39263406296999E-4	1085.30297851563	0.00162784196436405			
1231	2.94568898953345E-5	1087.36511230469	-4.05590108130127E-4			
1232	9.65226121879997E-4	1089.42724609375	1.01570396509487E-4			
1233	5.17764913221642E-4	1091.4892578125	-1.01071527751628E-4			
1234	-0.00106263326601926	1093.55139160156	6.07878901064396E-4			
1235	-3.45015430864884E-4	1095.61352539063	2.01355418539606E-4			
1236	3.7260240428949E-4	1097.67553710938	4.03865124098957E-4			
1237	0.00110408022622945	1099.73767089844	4.00907272705808E-4			
1238	7.8950704549691E-4	1101.7998046875	6.01915118750185E-4			
1239	4.72471614191026E-4	1103.86181640625	8.58151744109747E-11			
1240	2.03124345334713E-4	1105.92395019531	-8.96718411240727E-4			
1241	-5.32672440093056E-5	1107.98608398438	-2.55480810118502E-11			
1242	-4.58334367807717E-4	1110.04809570313	4.94195672217757E-4			
1243	-0.00100492115221145	1112.11022949219	7.8723591286689E-4			
1244	-3.73948008200387E-4	1114.17236328125	9.8440027795732E-4			
1245	3.29084076068384E-4	1116.234375	3.91808047425002E-4			
1246	5.54348052662862E-4	1118.29650878906	3.92287183785811E-4			
1247	8.68158728907035E-4	1120.35864257813	-3.90601373510435E-4			
1248	6.88411782257347E-4	1122.42065429688	2.93067307211459E-4			
1249	4.38691244148229E-4	1124.48278808594	4.8444329877384E-4			
1250	5.28442962865557E-4	1126.544921875	1.93096639122814E-4			
1251	7.12952924218741E-4	1128.60693359375	-4.78071364341304E-4			
1252	4.87536342622257E-4	1130.66906738281	-7.63829855713993E-4			
1253	1.07927183773745E-4	1132.73120117188	-9.49934415984899E-4			
1254	3.33795201265725E-4	1134.79321289063	0.00104202830698341			
1255	6.63040403686642E-4	1136.85534667969	2.82106484519318E-4			
1256	6.18861897282623E-4	1138.91748046875	-5.61765453312546E-4			
1257	9.59106741704795E-4	1140.9794921875	-6.50142319500446E-4			
1258	7.90171169243647E-6	1143.04162597656	-1.85884375241585E-4			
1259	-0.00165880817271609	1145.10375976563	-4.62384341517463E-4			
1260	-0.0010707758689014	1147.16577148438	1.84822143637575E-4			
1261	-6.43167884253928E-4	1149.22790527344	8.2701159408316E-4			
1262	2.61996664400948E-4	1151.2900390625	-3.67380998795852E-4			
1263	0.002032988604479	1153.3310546875	-7.29493738617748E-4			
1264	0.00135492592310292	1155.3720703125	5.47634728718549E-4			
1265	2.25336029546326E-4	1157.4130859375	6.3490349566564E-4			
1266	3.15319635998903E-4	1159.4541015625	9.06512839719653E-4			
1267	1.75221413300287E-4	1161.4951171875	-4.5077528920956E-4			
1268	6.31049418900103E-4	1163.53625488281	-1.80190007085912E-4			
1269	0.00181900102120141	1165.57727050781	-2.68736825091764E-4			
1270	0.0011821789076213	1167.61828613281	2.69100448349491E-4			
1271	6.01954491350242E-5	1169.65930175781	8.03097151219845E-4			
1272	1.05680929970587E-4	1171.70031738281	-2.6747040101327E-4			
1273	1.17414121944913E-4	1173.74133300781	2.66185408690944E-4			
1274	2.0777847802009E-4	1175.78247070313	-1.77597714355215E-4			
1275	3.69486095035701E-4	1177.82348632813	-6.19017228018492E-4			
1276	3.69894472409319E-4	1179.86450195313	1.77322654053569E-4			
1277	5.22115192583763E-4	1181.90551757813	3.53290495695546E-4			
1278	3.40517611780245E-4	1183.94653320313	1.77204099600203E-4			
1279	-3.96945025631684E-5	1185.98754882813	0.00176797318272293			
1280	5.66429252379057E-6	1188.02856445313	-1.77178779267706E-4			
1281	-7.27501911774089E-5	1190.06970214844	5.30490884557366E-4			
1282	1.0769396226721E-4	1192.11071777344	5.34547143615782E-4			
1283	6.33634000013788E-4	1194.15173339844	4.42341901361942E-4			
1284	4.53162279420961E-4	1196.19274902344	-7.10761931259185E-4			
1285	2.27886181559779E-4	1198.23376464844	-2.66008282778785E-4			
1286	9.22955392969051E-5	1200.27478027344	-3.56109492713586E-4			
1287	-4.3295102965969E-5	1202.31591796875	7.9929456114769E-4			
1288	-1.80648264955798E-4	1204.35693359375	8.91886884346604E-5			
1289	-2.71398653792544E-4	1206.39794921875	-5.34396152943373E-4			
1290	-3.91228262465751E-4	1208.43896484375	-3.57573764631525E-4			
1291	-1.19946783672894E-4	1210.47998046875	6.14629735995464E-11			
1292	1.73266164345556E-4	1212.52099609375	1.79271795786917E-4			
1293	2.63800564772156E-4	1214.56201171875	4.4784793863073E-4			
1294	4.12998389737506E-4	1216.60314941406	-1.79909897269681E-4			
1295	1.42201381275802E-4	1218.64416503906	-9.89119522273541E-4			
1296	-2.38758558031443E-4	1220.68518066406	-3.61402082489803E-4			
1297	3.18089982858997E-5	1222.72619628906	8.11666192021221E-4			
1298	4.45623298053926E-4	1224.76721191406	6.3492456683889E-4			
1299	1.30330983004321E-4	1226.80822753906	8.15210514701903E-4			
1300	-3.64917612665722E-4	1228.84936523438	-4.55347268143669E-4			
1301	-4.99397905444716E-5	1230.89038085938	-3.63747298251837E-4			
1302	3.38863281329256E-4	1232.93139648438	-2.74231337243691E-4			
1303	4.27756450750584E-4	1234.97241210938	1.82406525709666E-4			
1304	4.16880659511871E-4	1237.01342773438	-9.16546050575562E-5			
1305	7.77214322366298E-4	1239.05444335938	-0.00119029940105975			
1306	0.00124918824432225	1241.09545898438	-4.59672097349539E-4			
1307	0.0013362751182434	1243.13659667969	-2.75619589956477E-4			
1308	0.00178477104550627	1245.17761230469	4.61367220850661E-4			
1309	0.00106820347725166	1247.21862792969	0.00138143496587873			
1310	-1.98099390314443E-4	1249.25964355469	-4.61994641227648E-4			
1311	2.05589651371185E-4	1251.30065917969	-4.60842391476035E-4			
1312	9.6667688945002E-4	1253.34167480469	-5.55301376152784E-4			
1313	6.98234153162013E-4	1255.3828125	-9.23040497582406E-5			
1314	9.97241356227108E-4	1257.423828125	3.70639289030805E-4			
1315	-2.61940916118147E-4	1259.46484375	0.00138546503148973			
1316	-0.00314994722166941	1261.505859375	4.63204283732921E-4			
1317	-0.00175532550037433	1263.546875	4.61714749690145E-4			
1318	3.47201459074248E-4	1265.587890625	-1.85491167940199E-4			
1319	6.60697208901491E-4	1267.62890625	9.23789120861329E-5			
1320	0.0014736864008689	1269.67004394531	1.8563999037724E-4			
1321	0.00106943960061506	1271.71105957031	6.47768669296056E-4			
1322	-6.17354636890458E-5	1273.75207519531	0.00101956236176193			
1323	5.20434224230023E-4	1275.79309082031	-4.62262512883171E-4			
1324	0.00193875924902456	1277.83410644531	1.85321870958433E-4			
1325	0.00144611573755812	1279.87512207031	-2.77232844382524E-4			
1326	7.70707742684991E-4	1281.91625976563	6.48083805572242E-4			
1327	5.01228137623044E-4	1283.95727539063	2.76523904176429E-4			
1328	7.71021221147327E-5	1285.99829101563	-6.47689972538501E-4			
1329	-1.2553012489214E-5	1288.03930664063	-2.76323000434786E-4			
1330	-6.66590528558836E-4	1290.08032226563	-7.92528334625509E-11			
1331	-1.29850802172834E-4	1292.12133789063	4.60628449218348E-4			
1332	0.00103812903252789	1294.16235351563	2.76775303063914E-4			
1333	9.04774296387754E-4	1296.20349121094	5.53813488124444E-11			
1334	3.34318262665827E-4	1298.24450683594	0.00119772902689874			
1335	6.455542677462E-4	1300.28552246094	9.16614080779254E-5			
1336	9.56790272826574E-4	1302.32653808594	-1.73625516741716E-10			
1337	0.00128957058442259	1304.36755371094	8.23983864393085E-4			
1338	7.09438109825596E-4	1306.40856933594	2.75307276751846E-4			
1339	8.2752932166188E-5	1308.44970703125	-6.39854872133583E-4			
1340	2.16777280579163E-4	1310.49072265625	-4.58568771136925E-4			
1341	3.9836766925734E-4	1312.53173828125	9.1548403725028E-4			
1342	8.45058086444067E-5	1314.57275390625	-2.7603970374912E-4			
1343	-2.82153932241716E-4	1316.61376953125	1.83517666300759E-4			
1344	-2.37375465161476E-4	1318.65478515625	3.68315726518631E-4			
1345	-2.61288774212281E-4	1320.69592285156	1.83440395630896E-4			
1346	1.48420321963623E-4	1322.73693847656	9.18218356673606E-5			
1347	5.77143480033869E-4	1324.77795410156	-9.15003111003898E-5			
1348	9.03955718818367E-4	1326.81896972656	-6.41681021079421E-4			
1349	0.00136604313166663	1328.85998535156	3.6524489405565E-4			
1350	0.0011925509795119	1330.90100097656	2.74480989901349E-4			
1351	9.92505790904007E-4	1332.94201660156	-4.56253357697278E-4			
1352	9.04283130957949E-4	1334.98315429688	4.5736480387859E-4			
1353	8.68489325557458E-4	1337.02416992188	6.37774355709553E-4			
1354	6.31497293793843E-4	1339.06518554688	9.14895092137158E-4			
1355	3.39562589110038E-4	1341.10620117188	0.00100384675897658			
1356	2.42220069155977E-4	1343.14721679688	3.67415806977078E-4			
1357	3.56573044068922E-5	1345.18823242188	-3.68336390238255E-4			
1358	1.89714684807098E-4	1347.22937011719	-2.79473228147253E-4			
1359	5.87319776143992E-4	1349.27038574219	3.65223060128095E-11			
1360	2.29145359883518E-4	1351.31140136719	7.72027007769793E-4			
1361	-6.59641264141292E-4	1353.35241699219	0.00127557525411248			
1362	9.30511496814065E-6	1355.39343261719	0.00100421614479274			
1363	0.00108299297962948	1357.43444824219	4.10349166486412E-4			
1364	0.00102609823578768	1359.47546386719	2.08509969525039E-4			
1365	4.51898587222599E-4	1361.5166015625	4.18750365497544E-4			
1366	0.00125914776252703	1363.5576171875	2.10253478144296E-4			
1367	0.00284901778848672	1365.5986328125	3.11714742565528E-4			
1368	0.00243274978658354	1367.6396484375	1.03310267149936E-4			
1369	0.00207451240420809	1369.6806640625	5.09747944306582E-4			
1370	0.00157298851364435	1371.7216796875	9.12246701773256E-4			
1371	5.67926444229747E-4	1373.76281738281	3.0273012816906E-4			
1372	7.64133399597362E-4	1375.80383300781	-1.03185804618988E-4			
1373	0.00175626026884247	1377.84484863281	0.00106557109393179			
1374	9.09072131477742E-4	1379.88586425781	-4.39543044194579E-4			
1375	-7.79012542859542E-4	1381.92687988281	9.97740426100791E-4			
1376	-5.80092186544824E-4	1383.96789550781	4.40595438703895E-4			
1377	-2.10358596203359E-4	1386.00891113281	9.64536389801651E-4			
1378	-2.13620296404622E-4	1388.05004882813	9.53825481701642E-4			
1379	6.97746179797327E-5	1390.09106445313	6.31130707915872E-4			
1380	-2.57076855776081E-4	1392.13208007813	0.00116223283112049			
1381	-0.0013896797144372	1394.17309570313	3.15899960696697E-4			
1382	-8.47215325537375E-4	1396.21411132813	5.29299373738468E-4			
1383	1.98316124402464E-5	1398.25512695313	4.49314925543565E-11			
1384	2.26947250924471E-4	1400.29626464844	-1.07219760847599E-10			
1385	4.34062889408696E-4	1402.33728027344	4.45207690158433E-11			
1386	6.40279215892366E-4	1404.37829589844	4.12278837757185E-4			
1387	9.48314907918319E-4	1406.41931152344	-1.02220939879771E-4			
1388	0.00122557165198369	1408.46032714844	2.03381190658547E-4			
1389	0.00214858573838304	1410.50134277344	7.04088830389082E-4			
1390	0.00322102373704018	1412.54235839844	5.00576279591769E-4			
1391	0.00250317899071061	1414.58349609375	9.96653223410249E-4			
1392	0.00173859140830411	1416.62451171875	-4.97600005473942E-4			
1393	0.00137464436358476	1418.66552734375	3.96055169403553E-4			
1394	9.38294411126667E-4	1420.70654296875	3.96419054595754E-4			
1395	9.92629891228038E-4	1422.74755859375	0.00128080579452217			
1396	0.00109304053611155	1424.78857421875	6.92001427523792E-4			
1397	9.32183456409424E-4	1426.82971191406	0.00177266541868448			
1398	8.21567867959209E-4	1428.87072753906	-1.6977580452604E-10			
1399	4.63783373742392E-4	1430.91174316406	-9.88708561635576E-5			
1400	6.00206863896773E-5	1432.95275878906	7.95031024608761E-4			
1401	-1.42570829595053E-4	1434.99377441406	0.0014889546437189			
1402	-4.30725408013997E-4	1437.03479003906	-7.97118642367423E-4			
1403	-3.79631579278829E-4	1439.07580566406	9.95056470856071E-4			
1404	-5.37037106537072E-4	1441.11694335938	3.99787240894511E-4			
1405	6.52108765375727E-5	1443.15795898438	0.00139636290259659			
1406	0.00102542671633987	1445.19897460938	9.01583291124552E-4			
1407	7.73970861768831E-4	1447.23999023438	5.00381283927709E-4			
1408	3.85075844215779E-4	1449.28100585938	-2.00394410057925E-4			
1409	4.32188439167062E-4	1451.32202148438	0.00120104942470789			
1410	5.77271631363925E-4	1453.36315917969	5.01822680234909E-4			
1411	4.28967831711899E-4	1455.40417480469	0.0012012543156743			
1412	4.65293745213411E-4	1457.44519042969	0.00120595190674067			
1413	-2.34301782634616E-5	1459.48620605469	0.00150743767153472			
1414	-0.00122442426633159	1461.52722167969	5.05913747474551E-4			
1415	-4.92454217354161E-4	1463.56823730469	4.04511549277231E-4			
1416	7.58316494598561E-4	1465.60925292969	0.00101881974842399			
1417	6.59556474949403E-4	1467.650390625	4.82530439216422E-11			
1418	4.62604832624388E-4	1469.69140625	6.14639662671834E-4			
1419	5.11384389820535E-4	1471.732421875	0.0012289434671402			
1420	4.25305616756139E-4	1473.7734375	6.17088924627751E-4			
1421	6.64955844562924E-4	1475.814453125	-3.07853420963511E-4			
1422	0.00111862179173188	1477.85546875	3.09673807350919E-4			
1423	0.00107198580578705	1479.89660644531	8.24154063593596E-4			
1424	0.00129440530979236	1481.93762207031	6.20779057499021E-4			
1425	9.06576974981962E-4	1483.97863769531	6.19947328232229E-4			
1426	1.16169845213853E-4	1486.01965332031	3.11653508106247E-4			
1427	2.13544612991875E-4	1488.06066894531	3.11098439851776E-4			
1428	4.37981057727253E-4	1490.10168457031	0.00229162117466331			
1429	3.89429951730615E-4	1492.14270019531	2.08144512725994E-4			
1430	1.18357403296518E-4	1494.18383789063	4.18603856815025E-4			
1431	3.13867839199419E-4	1496.22485351563	0.00115014554467052			
1432	0.00125207193359442	1498.26586914063	8.40447552036494E-4			
1433	6.680632855297E-4	1500.30688476563	3.15182813210413E-4			
1434	-8.3500600957141E-4	1502.34790039063	3.16584715619683E-4			
1435	-4.94196475530475E-4	1504.38891601563	9.10038884527342E-12			
1436	-1.5338694148954E-4	1506.43005371094	5.31084311660379E-4			
1437	1.9419558305923E-4	1508.4521484375	-4.24397818278521E-4			
1438	3.40323228538095E-4	1510.47424316406	2.13863124372438E-4			
1439	5.01158180457003E-4	1512.49633789063	7.48638587538153E-4			
1440	4.53272533895872E-4	1514.51843261719	2.153094537789E-4			
1441	3.99834310756239E-4	1516.54064941406	-0.00248345150612295			
1442	3.99429569551142E-4	1518.56274414063	0.00108844018541276			
1443	4.14331727126462E-4	1520.58483886719	0.00130888225976378			
1444	3.17022724090474E-4	1522.60693359375	-1.09645276097581E-4			
1445	9.30525180488228E-5	1524.62915039063	-0.00175029248930514			
1446	6.32313192940683E-4	1526.65124511719	1.09642911411356E-4			
1447	0.00119477239768544	1528.67333984375	4.3703502160497E-4			
1448	0.00163736859823602	1530.69543457031	5.48395328223705E-4			
1449	0.00242514887700859	1532.71752929688	-2.19005552935414E-4			
1450	0.00163935760197505	1534.73974609375	0.00121112552005798			
1451	7.4276905476494E-4	1536.76184082031	6.59918412566185E-4			
1452	3.01045730326717E-4	1538.78393554688	7.74026790168136E-4			
1453	-3.19043897843367E-4	1540.80603027344	7.73562293034047E-4			
1454	-2.69615370123131E-4	1542.828125	1.33409297498055E-10			
1455	-1.40351533388495E-4	1544.85034179688	3.3256082679145E-4			
1456	-2.88449689886305E-4	1546.87243652344	8.93741264007986E-4			
1457	-7.87444452022823E-4	1548.89453125	-2.23275768803433E-4			
1458	-1.47348203971056E-4	1550.91662597656	-5.77806205659392E-11			
1459	6.82139992526633E-4	1552.93884277344	0.00112217373680323			
1460	9.32706026752389E-4	1554.9609375	0.00124070420861244			
1461	0.00118494676549292	1556.98303222656	9.02369851246476E-4			
1462	0.00143233632845565	1559.00512695313	-9.07413079403341E-4			
1463	0.00201507699173155	1561.02722167969	7.93082464952022E-4			
1464	0.00167230625098524	1563.04943847656	-2.27850148803554E-4			
1465	0.00151602019275397	1565.07153320313	9.11812472622842E-4			
1466	8.67161990744749E-4	1567.09362792969	0.00114732573274523			
1467	-7.47267135115941E-6	1569.11572265625	0.00437810830771923			
1468	-3.09191090884757E-4	1571.13793945313	-0.00151674693915993			
1469	-0.00158283400079726	1573.16003417969	-4.70520230010152E-4			
1470	-4.7883112351165E-4	1575.18212890625	-2.37933374592103E-4			
1471	0.00191137014005225	1577.20422363281	0.0016666577430442			
1472	0.00125928348727256	1579.22631835938	4.7863760846667E-4			
1473	1.02936019768669E-4	1581.24853515625	9.53925016801804E-4			
1474	1.02822945622279E-4	1583.27062988281	9.56853502430022E-4			
1475	-1.859619330646E-4	1585.29272460938	1.19353884656448E-4			
1476	1.68361357116902E-4	1587.31481933594	-2.3984513245523E-4			
1477	0.00108554648297139	1589.3369140625	-1.19631455163471E-4			
1478	7.81912558850224E-4	1591.35913085938	6.00537401624024E-4			
1479	-4.30662248966451E-4	1593.38122558594	7.20948912203312E-4			
1480	2.79460630075559E-4	1595.4033203125	3.6263998481445E-4			
1481	0.00213109169424605	1597.42541503906	9.67500498518348E-4			
1482	0.00162376436464693	1599.44763183594	-1.21710036182776E-4			
1483	8.67392394407665E-4	1601.4697265625	-8.52926634252071E-4			
1484	6.14546004826523E-4	1603.49182128906	-0.00134900119155645			
1485	3.61699615245381E-4	1605.51391601563	-0.0017192626837641			
1486	9.1903233165516E-5	1607.53601074219	-0.00123818789143115			
1487	7.01506151345498E-4	1609.55822753906	9.940235177055E-4			
1488	0.00136029842052315	1611.58032226563	7.50956533011049E-4			
1489	0.00115911831380799	1613.60241699219	8.79158440511674E-4			
1490	9.32337753625105E-4	1615.62451171875	0.00101249699946493			
1491	9.82921050040444E-4	1617.64660644531	-7.62549869250506E-4			
1492	0.00100373615591301	1619.66882324219	-0.00102560967206955			
1493	0.00126292596809088	1621.69091796875	-0.00463957479223609			
1494	0.00172999174977178	1623.71301269531	-7.80116592068225E-4			
1495	8.58424628238666E-4	1625.73510742188	1.30920787341893E-4			
1496	-3.13171566395495E-4	1627.75732421875	9.27969056647271E-4			
1497	1.49592564429566E-4	1629.77941894531	0.00254238001070917			
1498	6.9433010495758E-4	1631.80151367188	-4.07837971579283E-4			
1499	8.48771842629938E-4	1633.82360839844	-0.00110306753776968			
1500	0.00100230529389687	1635.845703125	-2.82095454167575E-4			
1501	0.00115970673015047	1637.86791992188	-1.44673278555274E-4			
1502	0.0013896043859528	1639.89001464844	6.00135128479451E-4			
1503	0.00133862370622632	1641.912109375	0.00125144759658724			
1504	0.00136771489103074	1643.93420410156	0.00132825353648514			
1505	0.00111084949246018	1645.95642089844	5.28643722645938E-4			
1506	-6.86451368519649E-5	1647.978515625	-9.5532916020602E-4			
1507	0.00181987086061356	1650.00061035156	4.15941321989521E-4			
1508	0.00531940623463424					
1509	0.00364489017682442					
1510	0.00125145075770422					
1511	0.00109287296909765					
1512	0.00106559710776955					
1513	6.42477905423388E-4					
1514	-8.3045149819628E-5					
1515	7.713971256957E-5					
1516	6.14249608213087E-4					
1517	7.72635804646958E-5					
1518	-0.00124713953686265					
1519	-3.84880272239934E-4					
1520	8.53325878416149E-4					
1521	0.00107276383425462					
1522	0.0014920335516252					
1523	0.00138222335974225					
1524	0.00130481280403596					
1525	0.00114350516947564					
1526	9.83702739064801E-4					
1527	8.20083833203156E-4					
1528	1.43849686009671E-4					
1529	7.41533183518301E-4					
1530	0.00168051675684219					
1531	0.00178742787922732					
1532	0.00274855908376582					
1533	0.0016649681794411					
1534	-0.00102501981225018					
1535	6.29412536737387E-5					
1536	0.00239236345276062					
1537	0.00185077002375248					
1538	0.00165597549911266					
1539	6.72000160327936E-4					
1540	-0.00163412342117479					
1541	-9.77777935433415E-4					
1542	2.22266002314083E-4					
1543	2.22069961104664E-4					
1544	-2.48820179587198E-4					
1545	3.04518959071339E-4					
1546	0.00158185584795946					
1547	0.0013053377640238					
1548	5.3140637264178E-4					
1549	8.10948579999852E-4					
1550	0.00139764553994363					
1551	0.00134209496088779					
1552	0.00149330044020973					
1553	0.00121752549108096					
1554	0.00110555725287629					
1555	6.59316783436256E-4					
1556	-5.55830571753806E-4					
1557	-2.19892324185982E-4					
1558	1.16045923381841E-4					
1559	4.59740321875985E-4					
1560	-7.17140201708935E-4					
1561	-0.00196578686686388					
1562	-5.06307606853881E-4					
1563	0.00103367465107786					
1564	8.64806851890633E-4					
1565	6.3905262816211E-4					
1566	0.00126542986283549					
1567	0.00202476028584717					
1568	0.00123112119865953					
1569	2.71946047934053E-4					
1570	9.08762058322284E-4					
1571	0.00163250597827181					
1572	0.00163913310801741					
1573	0.00173949337664871					
1574	0.00116041350887208					
1575	4.86559997796728E-4					
1576	4.27845871242054E-4					
1577	4.29466137108529E-4					
1578	7.53190501748649E-5					
1579	-4.39188187303627E-4					
1580	-8.47752131460142E-5					
1581	4.16390195862386E-4					
1582	1.80333648262804E-4					
1583	-1.83536298549298E-4					
1584	5.2688329470855E-5					
1585	3.9253541382399E-4					
1586	2.74767063412205E-4					
1587	1.94469917660951E-4					
1588	-4.23229029249634E-5					
1589	-3.98677958705797E-4					
1590	-2.80596202945054E-4					
1591	-7.74177071538997E-5					
1592	-1.96287852932631E-4					
1593	-5.65171690540793E-4					
1594	-2.8226222017026E-5					
1595	8.21698652796836E-4					
1596	5.82637070373731E-4					
1597	4.2077940201532E-4					
1598	2.38776832391606E-7					
1599	-6.89317503630916E-4					
1600	-5.08882877093947E-4					
1601	-4.99719051835397E-4					
1602	4.53336630780838E-5					
1603	0.00103738249087595					
1604	6.73576392994973E-4					
1605	5.96096978697548E-5					
1606	1.82576904650269E-4					
1607	-3.53450820429838E-4					
1608	9.98959903044414E-4					
1609	0.00399841976540926					
1610	0.00240033266561832					
1611	-8.45921830426281E-4					
1612	3.96080954113888E-4					
1613	0.00309720358519244					
1614	0.00191709699124377					
1615	1.96257423861933E-4					
1616	-1.17999967904478E-4					
1617	-8.79639339074632E-4					
1618	-5.02004494617621E-4					
1619	1.70604871528197E-4					
1620	1.07204621684294E-4					
1621	-1.33276825503399E-4					
1622	5.96213643418031E-5					
1623	5.27597270898258E-4					
1624	3.34699080791639E-4					
1625	-4.81902895919928E-5					
1626	1.73651484696541E-5					
1627	2.82446893428641E-4					
1628	8.45401287012796E-5					
1629	-4.75573987393493E-4					
1630	-2.0876616756301E-4					
1631	-1.12221950689432E-4					
1632	3.67013440786338E-4					
1633	0.0020336429550898					
1634	0.00107118090263428					
1635	-8.79166655901441E-4					
1636	-6.73505430959604E-4					
1637	-0.00118630641415041					
1638	-1.52847382032397E-4					
1639	0.0025239922450452					
1640	0.00171098661745825					
1641	3.01884509798886E-4					
1642	1.42415065931591E-4					
1643	-7.311683011481E-4					
1644	-1.2622885190734E-4					
1645	0.00128625454984795					
1646	0.00104685448932495					
1647	4.54590941121233E-5					
1648	5.84784804769153E-4					
1649	0.00112411051542618					
